52
68
101
108
131
169
230
249
265
293
312
346
353
434
504
511
561
568
633
660
686
825
832
879
896
903
948
955
992
1034
1075
1118
1148
1229
1236
1243
1250
1320
1336
1343
1366
1381
1398
1416
1441
1472
1492
1499
1524
1556
1572
1582
1597
1613
1713
1720
1764
1787
1794
1801
1808
1815
1904
1911
1937
1987
1996
2033
2040
2063
2086
2144
2151
2187
2226
2334
2413
2535
2551
2567
2595
2611
2636
2668
2684
2732
2756
2783
2790
2827
2861
2868
2957
2968
2989
3054
3080
3183
3229
3252
3259
3304
3356
3383
3390
3417
3438
3478
3590
3597
3604
3611
3670
3677
3713
3720
3737
3744
3784
3813
3828
3835
3853
3941
3969
3976
3983
4046
4053
4060
4092
4113
4128
4143
4150
4157
4172
4268
4313
4320
4364
4371
4378
4452
4532
4547
4592
4611
4657
4664
4694
4723
4746
4753
4804
4859
4918
4966
4992
5041
5098
5142
5182
5228
5274
5289
5329
5336
5343
5384
5427
5491
5549
5598
5607
5614
5646
5734
5741
5748
5755
5781
5788
5795
5811
5818
5861
5891
5933
6027
6085
6092
6144
6221
6240
6256
6263
6333
6340
6394
6401
6433
6503
6560
6604
6688
6728
6735
6758
6806
6822
6840
6856
6920
6927
6952
6959
7064
7071
7122
7129
7208
7263
7372
7419
7459
7479
7486
7493
7500
7543
7561
7624
7686
7704
7728
7776
7785
7908
7934
7966
8021
8047
8062
8069
8088
8203
8266
8303
8431
8470
8504
8511
8540
8570
8585
8592
8618
8669
8696
8703
8719
8726
8818
8833
8853
8860
8935
8955
8988
9036
9078
9171
9178
9205
9212
9227
9234
9249
9282
9315
9322
9329
9386
9405
9471
9478
9586
9650
