(-10 -9 +3 -2 -13 +7 +12 -8 +14 +4 +5 +6 +11 -1)
(+1 -11 -6 +10)(+2 -3 +9 -5 -4 -14 +8 -12 -7 +13)
(+1 -11 -6 +10)(+2 -3 +7 +12 -8 +14 +4 +5 -9 +13)
(+1 -11 -6 -2 -13 +9 -5 -4 -14 +8 -12 -7 +3 +10)
(+1 -11 -6 -2 -14 +8 -12 -7 +3 +10)(+4 +5 -9 +13)
(+1 -11 -6 -2 -14 +8 -12 -4 -13 +9 -5 -7 +3 +10)
(+1 -8 +14 +2 +6 +11 -12 -4 -13 +9 -5 -7 +3 +10)
(+1 -8 +5 -9 +13 +4 +12 -11 -6 -2 -14 -7 +3 +10)
(+1 -8 +5 -9 +13 +4 +12 +11 -6 -2 -14 -7 +3 +10)
(+1 -8 +5 -9)(+2 +6 -11 -12 -4 -13 -10 -3 +7 +14)
(+1 -8 -3 +7 +14 +2 +6 -11 -12 -4 -13 -10 +5 -9)
(+1 -8 -14 -7 +3 +2 +6 -11 -12 -4 -13 -10 +5 -9)
