(+1 +73 +44 +28 +113 +19 -16 +48 -85 +30 +72 -50 +51 +24 +75 +77 +52 +78 +39 -10 -57 +18 -46 -35 +40 -114 -14 +45 +42 +13 +25 +76 -96 -101 -84 +86 -56 -94 -81 -106 +53 -17 +83 -61 -8 +117 +5 +33 -95 +15 +7 -27 -64 -74 -68 -60 -58 -41 -2 +107 +47 -123 -124 -110 +103 +69 -112 -104 -92 -97 +125 +26 -88 +62 +9 -102 +80 +36 +118 -11 -20 +111 +121 -31 -87 -115 +21 -67 -109 -98 -12 -32 -55 +4 +116 -71 -93 +79 +91 +120 -23 -105 +3 -66 +108 -37 -49 -82 +22 +63 +100 +6 +122 +29 +90 -99 -59 +70 +38 +54 +89 -43 -65 -34 -119)
(+1 +2 +41 +58 +60 +68 +74 +64 +27 -7 -15 +95 -33 -5 -117 +8 +61 -83 +17 -53 +106 +81 +94 +56 -86 +84 +101 +96 -76 -25 -13 -42 -45 +14 +114 -40 +35 +46 -18 +57 +10 -39 -78 -52 -77 -75 -24 -51 +50 -72 -30 +85 -48 +16 -19 -113 -28 -44 -73 +107 +47 -123 -124 -110 +103 +69 -112 -104 -92 -97 +125 +26 -88 +62 +9 -102 +80 +36 +118 -11 -20 +111 +121 -31 -87 -115 +21 -67 -109 -98 -12 -32 -55 +4 +116 -71 -93 +79 +91 +120 -23 -105 +3 -66 +108 -37 -49 -82 +22 +63 +100 +6 +122 +29 +90 -99 -59 +70 +38 +54 +89 -43 -65 -34 -119)
(+1 +2 -3 +105 +23 -120 -91 -79 +93 +71 -116 -4 +55 +32 +12 +98 +109 +67 -21 +115 +87 +31 -121 -111 +20 +11 -118 -36 -80 +102 -9 -62 +88 -26 -125 +97 +92 +104 +112 -69 -103 +110 +124 +123 -47 -107 +73 +44 +28 +113 +19 -16 +48 -85 +30 +72 -50 +51 +24 +75 +77 +52 +78 +39 -10 -57 +18 -46 -35 +40 -114 -14 +45 +42 +13 +25 +76 -96 -101 -84 +86 -56 -94 -81 -106 +53 -17 +83 -61 -8 +117 +5 +33 -95 +15 +7 -27 -64 -74 -68 -60 -58 -41 -66 +108 -37 -49 -82 +22 +63 +100 +6 +122 +29 +90 -99 -59 +70 +38 +54 +89 -43 -65 -34 -119)
(+1 +2 +3 +105 +23 -120 -91 -79 +93 +71 -116 -4 +55 +32 +12 +98 +109 +67 -21 +115 +87 +31 -121 -111 +20 +11 -118 -36 -80 +102 -9 -62 +88 -26 -125 +97 +92 +104 +112 -69 -103 +110 +124 +123 -47 -107 +73 +44 +28 +113 +19 -16 +48 -85 +30 +72 -50 +51 +24 +75 +77 +52 +78 +39 -10 -57 +18 -46 -35 +40 -114 -14 +45 +42 +13 +25 +76 -96 -101 -84 +86 -56 -94 -81 -106 +53 -17 +83 -61 -8 +117 +5 +33 -95 +15 +7 -27 -64 -74 -68 -60 -58 -41 -66 +108 -37 -49 -82 +22 +63 +100 +6 +122 +29 +90 -99 -59 +70 +38 +54 +89 -43 -65 -34 -119)
(+1 +2 +3 +4 +116 -71 -93 +79 +91 +120 -23 -105 +55 +32 +12 +98 +109 +67 -21 +115 +87 +31 -121 -111 +20 +11 -118 -36 -80 +102 -9 -62 +88 -26 -125 +97 +92 +104 +112 -69 -103 +110 +124 +123 -47 -107 +73 +44 +28 +113 +19 -16 +48 -85 +30 +72 -50 +51 +24 +75 +77 +52 +78 +39 -10 -57 +18 -46 -35 +40 -114 -14 +45 +42 +13 +25 +76 -96 -101 -84 +86 -56 -94 -81 -106 +53 -17 +83 -61 -8 +117 +5 +33 -95 +15 +7 -27 -64 -74 -68 -60 -58 -41 -66 +108 -37 -49 -82 +22 +63 +100 +6 +122 +29 +90 -99 -59 +70 +38 +54 +89 -43 -65 -34 -119)
(+1 +2 +3 +4 -5 -117 +8 +61 -83 +17 -53 +106 +81 +94 +56 -86 +84 +101 +96 -76 -25 -13 -42 -45 +14 +114 -40 +35 +46 -18 +57 +10 -39 -78 -52 -77 -75 -24 -51 +50 -72 -30 +85 -48 +16 -19 -113 -28 -44 -73 +107 +47 -123 -124 -110 +103 +69 -112 -104 -92 -97 +125 +26 -88 +62 +9 -102 +80 +36 +118 -11 -20 +111 +121 -31 -87 -115 +21 -67 -109 -98 -12 -32 -55 +105 +23 -120 -91 -79 +93 +71 -116 +33 -95 +15 +7 -27 -64 -74 -68 -60 -58 -41 -66 +108 -37 -49 -82 +22 +63 +100 +6 +122 +29 +90 -99 -59 +70 +38 +54 +89 -43 -65 -34 -119)
(+1 +2 +3 +4 +5 -117 +8 +61 -83 +17 -53 +106 +81 +94 +56 -86 +84 +101 +96 -76 -25 -13 -42 -45 +14 +114 -40 +35 +46 -18 +57 +10 -39 -78 -52 -77 -75 -24 -51 +50 -72 -30 +85 -48 +16 -19 -113 -28 -44 -73 +107 +47 -123 -124 -110 +103 +69 -112 -104 -92 -97 +125 +26 -88 +62 +9 -102 +80 +36 +118 -11 -20 +111 +121 -31 -87 -115 +21 -67 -109 -98 -12 -32 -55 +105 +23 -120 -91 -79 +93 +71 -116 +33 -95 +15 +7 -27 -64 -74 -68 -60 -58 -41 -66 +108 -37 -49 -82 +22 +63 +100 +6 +122 +29 +90 -99 -59 +70 +38 +54 +89 -43 -65 -34 -119)
(+1 +2 +3 +4 +5 -6 -100 -63 -22 +82 +49 +37 -108 +66 +41 +58 +60 +68 +74 +64 +27 -7 -15 +95 -33 +116 -71 -93 +79 +91 +120 -23 -105 +55 +32 +12 +98 +109 +67 -21 +115 +87 +31 -121 -111 +20 +11 -118 -36 -80 +102 -9 -62 +88 -26 -125 +97 +92 +104 +112 -69 -103 +110 +124 +123 -47 -107 +73 +44 +28 +113 +19 -16 +48 -85 +30 +72 -50 +51 +24 +75 +77 +52 +78 +39 -10 -57 +18 -46 -35 +40 -114 -14 +45 +42 +13 +25 +76 -96 -101 -84 +86 -56 -94 -81 -106 +53 -17 +83 -61 -8 +117 +122 +29 +90 -99 -59 +70 +38 +54 +89 -43 -65 -34 -119)
(+1 +2 +3 +4 +5 +6 -100 -63 -22 +82 +49 +37 -108 +66 +41 +58 +60 +68 +74 +64 +27 -7 -15 +95 -33 +116 -71 -93 +79 +91 +120 -23 -105 +55 +32 +12 +98 +109 +67 -21 +115 +87 +31 -121 -111 +20 +11 -118 -36 -80 +102 -9 -62 +88 -26 -125 +97 +92 +104 +112 -69 -103 +110 +124 +123 -47 -107 +73 +44 +28 +113 +19 -16 +48 -85 +30 +72 -50 +51 +24 +75 +77 +52 +78 +39 -10 -57 +18 -46 -35 +40 -114 -14 +45 +42 +13 +25 +76 -96 -101 -84 +86 -56 -94 -81 -106 +53 -17 +83 -61 -8 +117 +122 +29 +90 -99 -59 +70 +38 +54 +89 -43 -65 -34 -119)
(+1 +2 +3 +4 +5 +6 +7 -27 -64 -74 -68 -60 -58 -41 -66 +108 -37 -49 -82 +22 +63 +100 -15 +95 -33 +116 -71 -93 +79 +91 +120 -23 -105 +55 +32 +12 +98 +109 +67 -21 +115 +87 +31 -121 -111 +20 +11 -118 -36 -80 +102 -9 -62 +88 -26 -125 +97 +92 +104 +112 -69 -103 +110 +124 +123 -47 -107 +73 +44 +28 +113 +19 -16 +48 -85 +30 +72 -50 +51 +24 +75 +77 +52 +78 +39 -10 -57 +18 -46 -35 +40 -114 -14 +45 +42 +13 +25 +76 -96 -101 -84 +86 -56 -94 -81 -106 +53 -17 +83 -61 -8 +117 +122 +29 +90 -99 -59 +70 +38 +54 +89 -43 -65 -34 -119)
(+1 +2 +3 +4 +5 +6 +7 +8 +61 -83 +17 -53 +106 +81 +94 +56 -86 +84 +101 +96 -76 -25 -13 -42 -45 +14 +114 -40 +35 +46 -18 +57 +10 -39 -78 -52 -77 -75 -24 -51 +50 -72 -30 +85 -48 +16 -19 -113 -28 -44 -73 +107 +47 -123 -124 -110 +103 +69 -112 -104 -92 -97 +125 +26 -88 +62 +9 -102 +80 +36 +118 -11 -20 +111 +121 -31 -87 -115 +21 -67 -109 -98 -12 -32 -55 +105 +23 -120 -91 -79 +93 +71 -116 +33 -95 +15 -100 -63 -22 +82 +49 +37 -108 +66 +41 +58 +60 +68 +74 +64 +27 +117 +122 +29 +90 -99 -59 +70 +38 +54 +89 -43 -65 -34 -119)
(+1 +2 +3 +4 +5 +6 +7 +8 -9 -62 +88 -26 -125 +97 +92 +104 +112 -69 -103 +110 +124 +123 -47 -107 +73 +44 +28 +113 +19 -16 +48 -85 +30 +72 -50 +51 +24 +75 +77 +52 +78 +39 -10 -57 +18 -46 -35 +40 -114 -14 +45 +42 +13 +25 +76 -96 -101 -84 +86 -56 -94 -81 -106 +53 -17 +83 -61 -102 +80 +36 +118 -11 -20 +111 +121 -31 -87 -115 +21 -67 -109 -98 -12 -32 -55 +105 +23 -120 -91 -79 +93 +71 -116 +33 -95 +15 -100 -63 -22 +82 +49 +37 -108 +66 +41 +58 +60 +68 +74 +64 +27 +117 +122 +29 +90 -99 -59 +70 +38 +54 +89 -43 -65 -34 -119)
(+1 +2 +3 +4 +5 +6 +7 +8 +9 -62 +88 -26 -125 +97 +92 +104 +112 -69 -103 +110 +124 +123 -47 -107 +73 +44 +28 +113 +19 -16 +48 -85 +30 +72 -50 +51 +24 +75 +77 +52 +78 +39 -10 -57 +18 -46 -35 +40 -114 -14 +45 +42 +13 +25 +76 -96 -101 -84 +86 -56 -94 -81 -106 +53 -17 +83 -61 -102 +80 +36 +118 -11 -20 +111 +121 -31 -87 -115 +21 -67 -109 -98 -12 -32 -55 +105 +23 -120 -91 -79 +93 +71 -116 +33 -95 +15 -100 -63 -22 +82 +49 +37 -108 +66 +41 +58 +60 +68 +74 +64 +27 +117 +122 +29 +90 -99 -59 +70 +38 +54 +89 -43 -65 -34 -119)
(+1 +2 +3 +4 +5 +6 +7 +8 +9 +10 -39 -78 -52 -77 -75 -24 -51 +50 -72 -30 +85 -48 +16 -19 -113 -28 -44 -73 +107 +47 -123 -124 -110 +103 +69 -112 -104 -92 -97 +125 +26 -88 +62 -57 +18 -46 -35 +40 -114 -14 +45 +42 +13 +25 +76 -96 -101 -84 +86 -56 -94 -81 -106 +53 -17 +83 -61 -102 +80 +36 +118 -11 -20 +111 +121 -31 -87 -115 +21 -67 -109 -98 -12 -32 -55 +105 +23 -120 -91 -79 +93 +71 -116 +33 -95 +15 -100 -63 -22 +82 +49 +37 -108 +66 +41 +58 +60 +68 +74 +64 +27 +117 +122 +29 +90 -99 -59 +70 +38 +54 +89 -43 -65 -34 -119)
(+1 +2 +3 +4 +5 +6 +7 +8 +9 +10 +11 -118 -36 -80 +102 +61 -83 +17 -53 +106 +81 +94 +56 -86 +84 +101 +96 -76 -25 -13 -42 -45 +14 +114 -40 +35 +46 -18 +57 -62 +88 -26 -125 +97 +92 +104 +112 -69 -103 +110 +124 +123 -47 -107 +73 +44 +28 +113 +19 -16 +48 -85 +30 +72 -50 +51 +24 +75 +77 +52 +78 +39 -20 +111 +121 -31 -87 -115 +21 -67 -109 -98 -12 -32 -55 +105 +23 -120 -91 -79 +93 +71 -116 +33 -95 +15 -100 -63 -22 +82 +49 +37 -108 +66 +41 +58 +60 +68 +74 +64 +27 +117 +122 +29 +90 -99 -59 +70 +38 +54 +89 -43 -65 -34 -119)
(+1 +2 +3 +4 +5 +6 +7 +8 +9 +10 +11 +12 +98 +109 +67 -21 +115 +87 +31 -121 -111 +20 -39 -78 -52 -77 -75 -24 -51 +50 -72 -30 +85 -48 +16 -19 -113 -28 -44 -73 +107 +47 -123 -124 -110 +103 +69 -112 -104 -92 -97 +125 +26 -88 +62 -57 +18 -46 -35 +40 -114 -14 +45 +42 +13 +25 +76 -96 -101 -84 +86 -56 -94 -81 -106 +53 -17 +83 -61 -102 +80 +36 +118 -32 -55 +105 +23 -120 -91 -79 +93 +71 -116 +33 -95 +15 -100 -63 -22 +82 +49 +37 -108 +66 +41 +58 +60 +68 +74 +64 +27 +117 +122 +29 +90 -99 -59 +70 +38 +54 +89 -43 -65 -34 -119)
(+1 +2 +3 +4 +5 +6 +7 +8 +9 +10 +11 +12 -13 -42 -45 +14 +114 -40 +35 +46 -18 +57 -62 +88 -26 -125 +97 +92 +104 +112 -69 -103 +110 +124 +123 -47 -107 +73 +44 +28 +113 +19 -16 +48 -85 +30 +72 -50 +51 +24 +75 +77 +52 +78 +39 -20 +111 +121 -31 -87 -115 +21 -67 -109 -98 +25 +76 -96 -101 -84 +86 -56 -94 -81 -106 +53 -17 +83 -61 -102 +80 +36 +118 -32 -55 +105 +23 -120 -91 -79 +93 +71 -116 +33 -95 +15 -100 -63 -22 +82 +49 +37 -108 +66 +41 +58 +60 +68 +74 +64 +27 +117 +122 +29 +90 -99 -59 +70 +38 +54 +89 -43 -65 -34 -119)
(+1 +2 +3 +4 +5 +6 +7 +8 +9 +10 +11 +12 +13 -42 -45 +14 +114 -40 +35 +46 -18 +57 -62 +88 -26 -125 +97 +92 +104 +112 -69 -103 +110 +124 +123 -47 -107 +73 +44 +28 +113 +19 -16 +48 -85 +30 +72 -50 +51 +24 +75 +77 +52 +78 +39 -20 +111 +121 -31 -87 -115 +21 -67 -109 -98 +25 +76 -96 -101 -84 +86 -56 -94 -81 -106 +53 -17 +83 -61 -102 +80 +36 +118 -32 -55 +105 +23 -120 -91 -79 +93 +71 -116 +33 -95 +15 -100 -63 -22 +82 +49 +37 -108 +66 +41 +58 +60 +68 +74 +64 +27 +117 +122 +29 +90 -99 -59 +70 +38 +54 +89 -43 -65 -34 -119)
(+1 +2 +3 +4 +5 +6 +7 +8 +9 +10 +11 +12 +13 -14 +45 +42 +114 -40 +35 +46 -18 +57 -62 +88 -26 -125 +97 +92 +104 +112 -69 -103 +110 +124 +123 -47 -107 +73 +44 +28 +113 +19 -16 +48 -85 +30 +72 -50 +51 +24 +75 +77 +52 +78 +39 -20 +111 +121 -31 -87 -115 +21 -67 -109 -98 +25 +76 -96 -101 -84 +86 -56 -94 -81 -106 +53 -17 +83 -61 -102 +80 +36 +118 -32 -55 +105 +23 -120 -91 -79 +93 +71 -116 +33 -95 +15 -100 -63 -22 +82 +49 +37 -108 +66 +41 +58 +60 +68 +74 +64 +27 +117 +122 +29 +90 -99 -59 +70 +38 +54 +89 -43 -65 -34 -119)
(+1 +2 +3 +4 +5 +6 +7 +8 +9 +10 +11 +12 +13 +14 +45 +42 +114 -40 +35 +46 -18 +57 -62 +88 -26 -125 +97 +92 +104 +112 -69 -103 +110 +124 +123 -47 -107 +73 +44 +28 +113 +19 -16 +48 -85 +30 +72 -50 +51 +24 +75 +77 +52 +78 +39 -20 +111 +121 -31 -87 -115 +21 -67 -109 -98 +25 +76 -96 -101 -84 +86 -56 -94 -81 -106 +53 -17 +83 -61 -102 +80 +36 +118 -32 -55 +105 +23 -120 -91 -79 +93 +71 -116 +33 -95 +15 -100 -63 -22 +82 +49 +37 -108 +66 +41 +58 +60 +68 +74 +64 +27 +117 +122 +29 +90 -99 -59 +70 +38 +54 +89 -43 -65 -34 -119)
(+1 +2 +3 +4 +5 +6 +7 +8 +9 +10 +11 +12 +13 +14 -15 +95 -33 +116 -71 -93 +79 +91 +120 -23 -105 +55 +32 -118 -36 -80 +102 +61 -83 +17 -53 +106 +81 +94 +56 -86 +84 +101 +96 -76 -25 +98 +109 +67 -21 +115 +87 +31 -121 -111 +20 -39 -78 -52 -77 -75 -24 -51 +50 -72 -30 +85 -48 +16 -19 -113 -28 -44 -73 +107 +47 -123 -124 -110 +103 +69 -112 -104 -92 -97 +125 +26 -88 +62 -57 +18 -46 -35 +40 -114 -42 -45 -100 -63 -22 +82 +49 +37 -108 +66 +41 +58 +60 +68 +74 +64 +27 +117 +122 +29 +90 -99 -59 +70 +38 +54 +89 -43 -65 -34 -119)
(+1 +2 +3 +4 +5 +6 +7 +8 +9 +10 +11 +12 +13 +14 +15 +95 -33 +116 -71 -93 +79 +91 +120 -23 -105 +55 +32 -118 -36 -80 +102 +61 -83 +17 -53 +106 +81 +94 +56 -86 +84 +101 +96 -76 -25 +98 +109 +67 -21 +115 +87 +31 -121 -111 +20 -39 -78 -52 -77 -75 -24 -51 +50 -72 -30 +85 -48 +16 -19 -113 -28 -44 -73 +107 +47 -123 -124 -110 +103 +69 -112 -104 -92 -97 +125 +26 -88 +62 -57 +18 -46 -35 +40 -114 -42 -45 -100 -63 -22 +82 +49 +37 -108 +66 +41 +58 +60 +68 +74 +64 +27 +117 +122 +29 +90 -99 -59 +70 +38 +54 +89 -43 -65 -34 -119)
(+1 +2 +3 +4 +5 +6 +7 +8 +9 +10 +11 +12 +13 +14 +15 -16 +48 -85 +30 +72 -50 +51 +24 +75 +77 +52 +78 +39 -20 +111 +121 -31 -87 -115 +21 -67 -109 -98 +25 +76 -96 -101 -84 +86 -56 -94 -81 -106 +53 -17 +83 -61 -102 +80 +36 +118 -32 -55 +105 +23 -120 -91 -79 +93 +71 -116 +33 -95 -19 -113 -28 -44 -73 +107 +47 -123 -124 -110 +103 +69 -112 -104 -92 -97 +125 +26 -88 +62 -57 +18 -46 -35 +40 -114 -42 -45 -100 -63 -22 +82 +49 +37 -108 +66 +41 +58 +60 +68 +74 +64 +27 +117 +122 +29 +90 -99 -59 +70 +38 +54 +89 -43 -65 -34 -119)
(+1 +2 +3 +4 +5 +6 +7 +8 +9 +10 +11 +12 +13 +14 +15 +16 +48 -85 +30 +72 -50 +51 +24 +75 +77 +52 +78 +39 -20 +111 +121 -31 -87 -115 +21 -67 -109 -98 +25 +76 -96 -101 -84 +86 -56 -94 -81 -106 +53 -17 +83 -61 -102 +80 +36 +118 -32 -55 +105 +23 -120 -91 -79 +93 +71 -116 +33 -95 -19 -113 -28 -44 -73 +107 +47 -123 -124 -110 +103 +69 -112 -104 -92 -97 +125 +26 -88 +62 -57 +18 -46 -35 +40 -114 -42 -45 -100 -63 -22 +82 +49 +37 -108 +66 +41 +58 +60 +68 +74 +64 +27 +117 +122 +29 +90 -99 -59 +70 +38 +54 +89 -43 -65 -34 -119)
(+1 +2 +3 +4 +5 +6 +7 +8 +9 +10 +11 +12 +13 +14 +15 +16 +17 -53 +106 +81 +94 +56 -86 +84 +101 +96 -76 -25 +98 +109 +67 -21 +115 +87 +31 -121 -111 +20 -39 -78 -52 -77 -75 -24 -51 +50 -72 -30 +85 -48 +83 -61 -102 +80 +36 +118 -32 -55 +105 +23 -120 -91 -79 +93 +71 -116 +33 -95 -19 -113 -28 -44 -73 +107 +47 -123 -124 -110 +103 +69 -112 -104 -92 -97 +125 +26 -88 +62 -57 +18 -46 -35 +40 -114 -42 -45 -100 -63 -22 +82 +49 +37 -108 +66 +41 +58 +60 +68 +74 +64 +27 +117 +122 +29 +90 -99 -59 +70 +38 +54 +89 -43 -65 -34 -119)
(+1 +2 +3 +4 +5 +6 +7 +8 +9 +10 +11 +12 +13 +14 +15 +16 +17 -18 +57 -62 +88 -26 -125 +97 +92 +104 +112 -69 -103 +110 +124 +123 -47 -107 +73 +44 +28 +113 +19 +95 -33 +116 -71 -93 +79 +91 +120 -23 -105 +55 +32 -118 -36 -80 +102 +61 -83 +48 -85 +30 +72 -50 +51 +24 +75 +77 +52 +78 +39 -20 +111 +121 -31 -87 -115 +21 -67 -109 -98 +25 +76 -96 -101 -84 +86 -56 -94 -81 -106 +53 -46 -35 +40 -114 -42 -45 -100 -63 -22 +82 +49 +37 -108 +66 +41 +58 +60 +68 +74 +64 +27 +117 +122 +29 +90 -99 -59 +70 +38 +54 +89 -43 -65 -34 -119)
(+1 +2 +3 +4 +5 +6 +7 +8 +9 +10 +11 +12 +13 +14 +15 +16 +17 +18 +57 -62 +88 -26 -125 +97 +92 +104 +112 -69 -103 +110 +124 +123 -47 -107 +73 +44 +28 +113 +19 +95 -33 +116 -71 -93 +79 +91 +120 -23 -105 +55 +32 -118 -36 -80 +102 +61 -83 +48 -85 +30 +72 -50 +51 +24 +75 +77 +52 +78 +39 -20 +111 +121 -31 -87 -115 +21 -67 -109 -98 +25 +76 -96 -101 -84 +86 -56 -94 -81 -106 +53 -46 -35 +40 -114 -42 -45 -100 -63 -22 +82 +49 +37 -108 +66 +41 +58 +60 +68 +74 +64 +27 +117 +122 +29 +90 -99 -59 +70 +38 +54 +89 -43 -65 -34 -119)
(+1 +2 +3 +4 +5 +6 +7 +8 +9 +10 +11 +12 +13 +14 +15 +16 +17 +18 -19 -113 -28 -44 -73 +107 +47 -123 -124 -110 +103 +69 -112 -104 -92 -97 +125 +26 -88 +62 -57 +95 -33 +116 -71 -93 +79 +91 +120 -23 -105 +55 +32 -118 -36 -80 +102 +61 -83 +48 -85 +30 +72 -50 +51 +24 +75 +77 +52 +78 +39 -20 +111 +121 -31 -87 -115 +21 -67 -109 -98 +25 +76 -96 -101 -84 +86 -56 -94 -81 -106 +53 -46 -35 +40 -114 -42 -45 -100 -63 -22 +82 +49 +37 -108 +66 +41 +58 +60 +68 +74 +64 +27 +117 +122 +29 +90 -99 -59 +70 +38 +54 +89 -43 -65 -34 -119)
(+1 +2 +3 +4 +5 +6 +7 +8 +9 +10 +11 +12 +13 +14 +15 +16 +17 +18 +19 -113 -28 -44 -73 +107 +47 -123 -124 -110 +103 +69 -112 -104 -92 -97 +125 +26 -88 +62 -57 +95 -33 +116 -71 -93 +79 +91 +120 -23 -105 +55 +32 -118 -36 -80 +102 +61 -83 +48 -85 +30 +72 -50 +51 +24 +75 +77 +52 +78 +39 -20 +111 +121 -31 -87 -115 +21 -67 -109 -98 +25 +76 -96 -101 -84 +86 -56 -94 -81 -106 +53 -46 -35 +40 -114 -42 -45 -100 -63 -22 +82 +49 +37 -108 +66 +41 +58 +60 +68 +74 +64 +27 +117 +122 +29 +90 -99 -59 +70 +38 +54 +89 -43 -65 -34 -119)
(+1 +2 +3 +4 +5 +6 +7 +8 +9 +10 +11 +12 +13 +14 +15 +16 +17 +18 +19 +20 -39 -78 -52 -77 -75 -24 -51 +50 -72 -30 +85 -48 +83 -61 -102 +80 +36 +118 -32 -55 +105 +23 -120 -91 -79 +93 +71 -116 +33 -95 +57 -62 +88 -26 -125 +97 +92 +104 +112 -69 -103 +110 +124 +123 -47 -107 +73 +44 +28 +113 +111 +121 -31 -87 -115 +21 -67 -109 -98 +25 +76 -96 -101 -84 +86 -56 -94 -81 -106 +53 -46 -35 +40 -114 -42 -45 -100 -63 -22 +82 +49 +37 -108 +66 +41 +58 +60 +68 +74 +64 +27 +117 +122 +29 +90 -99 -59 +70 +38 +54 +89 -43 -65 -34 -119)
(+1 +2 +3 +4 +5 +6 +7 +8 +9 +10 +11 +12 +13 +14 +15 +16 +17 +18 +19 +20 -21 +115 +87 +31 -121 -111 -113 -28 -44 -73 +107 +47 -123 -124 -110 +103 +69 -112 -104 -92 -97 +125 +26 -88 +62 -57 +95 -33 +116 -71 -93 +79 +91 +120 -23 -105 +55 +32 -118 -36 -80 +102 +61 -83 +48 -85 +30 +72 -50 +51 +24 +75 +77 +52 +78 +39 -67 -109 -98 +25 +76 -96 -101 -84 +86 -56 -94 -81 -106 +53 -46 -35 +40 -114 -42 -45 -100 -63 -22 +82 +49 +37 -108 +66 +41 +58 +60 +68 +74 +64 +27 +117 +122 +29 +90 -99 -59 +70 +38 +54 +89 -43 -65 -34 -119)
(+1 +2 +3 +4 +5 +6 +7 +8 +9 +10 +11 +12 +13 +14 +15 +16 +17 +18 +19 +20 +21 +115 +87 +31 -121 -111 -113 -28 -44 -73 +107 +47 -123 -124 -110 +103 +69 -112 -104 -92 -97 +125 +26 -88 +62 -57 +95 -33 +116 -71 -93 +79 +91 +120 -23 -105 +55 +32 -118 -36 -80 +102 +61 -83 +48 -85 +30 +72 -50 +51 +24 +75 +77 +52 +78 +39 -67 -109 -98 +25 +76 -96 -101 -84 +86 -56 -94 -81 -106 +53 -46 -35 +40 -114 -42 -45 -100 -63 -22 +82 +49 +37 -108 +66 +41 +58 +60 +68 +74 +64 +27 +117 +122 +29 +90 -99 -59 +70 +38 +54 +89 -43 -65 -34 -119)
(+1 +2 +3 +4 +5 +6 +7 +8 +9 +10 +11 +12 +13 +14 +15 +16 +17 +18 +19 +20 +21 +22 +63 +100 +45 +42 +114 -40 +35 +46 -53 +106 +81 +94 +56 -86 +84 +101 +96 -76 -25 +98 +109 +67 -39 -78 -52 -77 -75 -24 -51 +50 -72 -30 +85 -48 +83 -61 -102 +80 +36 +118 -32 -55 +105 +23 -120 -91 -79 +93 +71 -116 +33 -95 +57 -62 +88 -26 -125 +97 +92 +104 +112 -69 -103 +110 +124 +123 -47 -107 +73 +44 +28 +113 +111 +121 -31 -87 -115 +82 +49 +37 -108 +66 +41 +58 +60 +68 +74 +64 +27 +117 +122 +29 +90 -99 -59 +70 +38 +54 +89 -43 -65 -34 -119)
(+1 +2 +3 +4 +5 +6 +7 +8 +9 +10 +11 +12 +13 +14 +15 +16 +17 +18 +19 +20 +21 +22 -23 -105 +55 +32 -118 -36 -80 +102 +61 -83 +48 -85 +30 +72 -50 +51 +24 +75 +77 +52 +78 +39 -67 -109 -98 +25 +76 -96 -101 -84 +86 -56 -94 -81 -106 +53 -46 -35 +40 -114 -42 -45 -100 -63 -120 -91 -79 +93 +71 -116 +33 -95 +57 -62 +88 -26 -125 +97 +92 +104 +112 -69 -103 +110 +124 +123 -47 -107 +73 +44 +28 +113 +111 +121 -31 -87 -115 +82 +49 +37 -108 +66 +41 +58 +60 +68 +74 +64 +27 +117 +122 +29 +90 -99 -59 +70 +38 +54 +89 -43 -65 -34 -119)
(+1 +2 +3 +4 +5 +6 +7 +8 +9 +10 +11 +12 +13 +14 +15 +16 +17 +18 +19 +20 +21 +22 +23 -105 +55 +32 -118 -36 -80 +102 +61 -83 +48 -85 +30 +72 -50 +51 +24 +75 +77 +52 +78 +39 -67 -109 -98 +25 +76 -96 -101 -84 +86 -56 -94 -81 -106 +53 -46 -35 +40 -114 -42 -45 -100 -63 -120 -91 -79 +93 +71 -116 +33 -95 +57 -62 +88 -26 -125 +97 +92 +104 +112 -69 -103 +110 +124 +123 -47 -107 +73 +44 +28 +113 +111 +121 -31 -87 -115 +82 +49 +37 -108 +66 +41 +58 +60 +68 +74 +64 +27 +117 +122 +29 +90 -99 -59 +70 +38 +54 +89 -43 -65 -34 -119)
(+1 +2 +3 +4 +5 +6 +7 +8 +9 +10 +11 +12 +13 +14 +15 +16 +17 +18 +19 +20 +21 +22 +23 -24 -51 +50 -72 -30 +85 -48 +83 -61 -102 +80 +36 +118 -32 -55 +105 +75 +77 +52 +78 +39 -67 -109 -98 +25 +76 -96 -101 -84 +86 -56 -94 -81 -106 +53 -46 -35 +40 -114 -42 -45 -100 -63 -120 -91 -79 +93 +71 -116 +33 -95 +57 -62 +88 -26 -125 +97 +92 +104 +112 -69 -103 +110 +124 +123 -47 -107 +73 +44 +28 +113 +111 +121 -31 -87 -115 +82 +49 +37 -108 +66 +41 +58 +60 +68 +74 +64 +27 +117 +122 +29 +90 -99 -59 +70 +38 +54 +89 -43 -65 -34 -119)
(+1 +2 +3 +4 +5 +6 +7 +8 +9 +10 +11 +12 +13 +14 +15 +16 +17 +18 +19 +20 +21 +22 +23 +24 -51 +50 -72 -30 +85 -48 +83 -61 -102 +80 +36 +118 -32 -55 +105 +75 +77 +52 +78 +39 -67 -109 -98 +25 +76 -96 -101 -84 +86 -56 -94 -81 -106 +53 -46 -35 +40 -114 -42 -45 -100 -63 -120 -91 -79 +93 +71 -116 +33 -95 +57 -62 +88 -26 -125 +97 +92 +104 +112 -69 -103 +110 +124 +123 -47 -107 +73 +44 +28 +113 +111 +121 -31 -87 -115 +82 +49 +37 -108 +66 +41 +58 +60 +68 +74 +64 +27 +117 +122 +29 +90 -99 -59 +70 +38 +54 +89 -43 -65 -34 -119)
(+1 +2 +3 +4 +5 +6 +7 +8 +9 +10 +11 +12 +13 +14 +15 +16 +17 +18 +19 +20 +21 +22 +23 +24 -25 +98 +109 +67 -39 -78 -52 -77 -75 -105 +55 +32 -118 -36 -80 +102 +61 -83 +48 -85 +30 +72 -50 +51 +76 -96 -101 -84 +86 -56 -94 -81 -106 +53 -46 -35 +40 -114 -42 -45 -100 -63 -120 -91 -79 +93 +71 -116 +33 -95 +57 -62 +88 -26 -125 +97 +92 +104 +112 -69 -103 +110 +124 +123 -47 -107 +73 +44 +28 +113 +111 +121 -31 -87 -115 +82 +49 +37 -108 +66 +41 +58 +60 +68 +74 +64 +27 +117 +122 +29 +90 -99 -59 +70 +38 +54 +89 -43 -65 -34 -119)
(+1 +2 +3 +4 +5 +6 +7 +8 +9 +10 +11 +12 +13 +14 +15 +16 +17 +18 +19 +20 +21 +22 +23 +24 +25 +98 +109 +67 -39 -78 -52 -77 -75 -105 +55 +32 -118 -36 -80 +102 +61 -83 +48 -85 +30 +72 -50 +51 +76 -96 -101 -84 +86 -56 -94 -81 -106 +53 -46 -35 +40 -114 -42 -45 -100 -63 -120 -91 -79 +93 +71 -116 +33 -95 +57 -62 +88 -26 -125 +97 +92 +104 +112 -69 -103 +110 +124 +123 -47 -107 +73 +44 +28 +113 +111 +121 -31 -87 -115 +82 +49 +37 -108 +66 +41 +58 +60 +68 +74 +64 +27 +117 +122 +29 +90 -99 -59 +70 +38 +54 +89 -43 -65 -34 -119)
(+1 +2 +3 +4 +5 +6 +7 +8 +9 +10 +11 +12 +13 +14 +15 +16 +17 +18 +19 +20 +21 +22 +23 +24 +25 +26 -88 +62 -57 +95 -33 +116 -71 -93 +79 +91 +120 +63 +100 +45 +42 +114 -40 +35 +46 -53 +106 +81 +94 +56 -86 +84 +101 +96 -76 -51 +50 -72 -30 +85 -48 +83 -61 -102 +80 +36 +118 -32 -55 +105 +75 +77 +52 +78 +39 -67 -109 -98 -125 +97 +92 +104 +112 -69 -103 +110 +124 +123 -47 -107 +73 +44 +28 +113 +111 +121 -31 -87 -115 +82 +49 +37 -108 +66 +41 +58 +60 +68 +74 +64 +27 +117 +122 +29 +90 -99 -59 +70 +38 +54 +89 -43 -65 -34 -119)
(+1 +2 +3 +4 +5 +6 +7 +8 +9 +10 +11 +12 +13 +14 +15 +16 +17 +18 +19 +20 +21 +22 +23 +24 +25 +26 -27 -64 -74 -68 -60 -58 -41 -66 +108 -37 -49 -82 +115 +87 +31 -121 -111 -113 -28 -44 -73 +107 +47 -123 -124 -110 +103 +69 -112 -104 -92 -97 +125 +98 +109 +67 -39 -78 -52 -77 -75 -105 +55 +32 -118 -36 -80 +102 +61 -83 +48 -85 +30 +72 -50 +51 +76 -96 -101 -84 +86 -56 -94 -81 -106 +53 -46 -35 +40 -114 -42 -45 -100 -63 -120 -91 -79 +93 +71 -116 +33 -95 +57 -62 +88 +117 +122 +29 +90 -99 -59 +70 +38 +54 +89 -43 -65 -34 -119)
(+1 +2 +3 +4 +5 +6 +7 +8 +9 +10 +11 +12 +13 +14 +15 +16 +17 +18 +19 +20 +21 +22 +23 +24 +25 +26 +27 -64 -74 -68 -60 -58 -41 -66 +108 -37 -49 -82 +115 +87 +31 -121 -111 -113 -28 -44 -73 +107 +47 -123 -124 -110 +103 +69 -112 -104 -92 -97 +125 +98 +109 +67 -39 -78 -52 -77 -75 -105 +55 +32 -118 -36 -80 +102 +61 -83 +48 -85 +30 +72 -50 +51 +76 -96 -101 -84 +86 -56 -94 -81 -106 +53 -46 -35 +40 -114 -42 -45 -100 -63 -120 -91 -79 +93 +71 -116 +33 -95 +57 -62 +88 +117 +122 +29 +90 -99 -59 +70 +38 +54 +89 -43 -65 -34 -119)
(+1 +2 +3 +4 +5 +6 +7 +8 +9 +10 +11 +12 +13 +14 +15 +16 +17 +18 +19 +20 +21 +22 +23 +24 +25 +26 +27 +28 +113 +111 +121 -31 -87 -115 +82 +49 +37 -108 +66 +41 +58 +60 +68 +74 +64 -44 -73 +107 +47 -123 -124 -110 +103 +69 -112 -104 -92 -97 +125 +98 +109 +67 -39 -78 -52 -77 -75 -105 +55 +32 -118 -36 -80 +102 +61 -83 +48 -85 +30 +72 -50 +51 +76 -96 -101 -84 +86 -56 -94 -81 -106 +53 -46 -35 +40 -114 -42 -45 -100 -63 -120 -91 -79 +93 +71 -116 +33 -95 +57 -62 +88 +117 +122 +29 +90 -99 -59 +70 +38 +54 +89 -43 -65 -34 -119)
(+1 +2 +3 +4 +5 +6 +7 +8 +9 +10 +11 +12 +13 +14 +15 +16 +17 +18 +19 +20 +21 +22 +23 +24 +25 +26 +27 +28 -29 -122 -117 -88 +62 -57 +95 -33 +116 -71 -93 +79 +91 +120 +63 +100 +45 +42 +114 -40 +35 +46 -53 +106 +81 +94 +56 -86 +84 +101 +96 -76 -51 +50 -72 -30 +85 -48 +83 -61 -102 +80 +36 +118 -32 -55 +105 +75 +77 +52 +78 +39 -67 -109 -98 -125 +97 +92 +104 +112 -69 -103 +110 +124 +123 -47 -107 +73 +44 -64 -74 -68 -60 -58 -41 -66 +108 -37 -49 -82 +115 +87 +31 -121 -111 -113 +90 -99 -59 +70 +38 +54 +89 -43 -65 -34 -119)
(+1 +2 +3 +4 +5 +6 +7 +8 +9 +10 +11 +12 +13 +14 +15 +16 +17 +18 +19 +20 +21 +22 +23 +24 +25 +26 +27 +28 +29 -122 -117 -88 +62 -57 +95 -33 +116 -71 -93 +79 +91 +120 +63 +100 +45 +42 +114 -40 +35 +46 -53 +106 +81 +94 +56 -86 +84 +101 +96 -76 -51 +50 -72 -30 +85 -48 +83 -61 -102 +80 +36 +118 -32 -55 +105 +75 +77 +52 +78 +39 -67 -109 -98 -125 +97 +92 +104 +112 -69 -103 +110 +124 +123 -47 -107 +73 +44 -64 -74 -68 -60 -58 -41 -66 +108 -37 -49 -82 +115 +87 +31 -121 -111 -113 +90 -99 -59 +70 +38 +54 +89 -43 -65 -34 -119)
(+1 +2 +3 +4 +5 +6 +7 +8 +9 +10 +11 +12 +13 +14 +15 +16 +17 +18 +19 +20 +21 +22 +23 +24 +25 +26 +27 +28 +29 +30 +72 -50 +51 +76 -96 -101 -84 +86 -56 -94 -81 -106 +53 -46 -35 +40 -114 -42 -45 -100 -63 -120 -91 -79 +93 +71 -116 +33 -95 +57 -62 +88 +117 +122 +85 -48 +83 -61 -102 +80 +36 +118 -32 -55 +105 +75 +77 +52 +78 +39 -67 -109 -98 -125 +97 +92 +104 +112 -69 -103 +110 +124 +123 -47 -107 +73 +44 -64 -74 -68 -60 -58 -41 -66 +108 -37 -49 -82 +115 +87 +31 -121 -111 -113 +90 -99 -59 +70 +38 +54 +89 -43 -65 -34 -119)
(+1 +2 +3 +4 +5 +6 +7 +8 +9 +10 +11 +12 +13 +14 +15 +16 +17 +18 +19 +20 +21 +22 +23 +24 +25 +26 +27 +28 +29 +30 -31 -87 -115 +82 +49 +37 -108 +66 +41 +58 +60 +68 +74 +64 -44 -73 +107 +47 -123 -124 -110 +103 +69 -112 -104 -92 -97 +125 +98 +109 +67 -39 -78 -52 -77 -75 -105 +55 +32 -118 -36 -80 +102 +61 -83 +48 -85 -122 -117 -88 +62 -57 +95 -33 +116 -71 -93 +79 +91 +120 +63 +100 +45 +42 +114 -40 +35 +46 -53 +106 +81 +94 +56 -86 +84 +101 +96 -76 -51 +50 -72 -121 -111 -113 +90 -99 -59 +70 +38 +54 +89 -43 -65 -34 -119)
(+1 +2 +3 +4 +5 +6 +7 +8 +9 +10 +11 +12 +13 +14 +15 +16 +17 +18 +19 +20 +21 +22 +23 +24 +25 +26 +27 +28 +29 +30 +31 -87 -115 +82 +49 +37 -108 +66 +41 +58 +60 +68 +74 +64 -44 -73 +107 +47 -123 -124 -110 +103 +69 -112 -104 -92 -97 +125 +98 +109 +67 -39 -78 -52 -77 -75 -105 +55 +32 -118 -36 -80 +102 +61 -83 +48 -85 -122 -117 -88 +62 -57 +95 -33 +116 -71 -93 +79 +91 +120 +63 +100 +45 +42 +114 -40 +35 +46 -53 +106 +81 +94 +56 -86 +84 +101 +96 -76 -51 +50 -72 -121 -111 -113 +90 -99 -59 +70 +38 +54 +89 -43 -65 -34 -119)
(+1 +2 +3 +4 +5 +6 +7 +8 +9 +10 +11 +12 +13 +14 +15 +16 +17 +18 +19 +20 +21 +22 +23 +24 +25 +26 +27 +28 +29 +30 +31 -32 -55 +105 +75 +77 +52 +78 +39 -67 -109 -98 -125 +97 +92 +104 +112 -69 -103 +110 +124 +123 -47 -107 +73 +44 -64 -74 -68 -60 -58 -41 -66 +108 -37 -49 -82 +115 +87 -118 -36 -80 +102 +61 -83 +48 -85 -122 -117 -88 +62 -57 +95 -33 +116 -71 -93 +79 +91 +120 +63 +100 +45 +42 +114 -40 +35 +46 -53 +106 +81 +94 +56 -86 +84 +101 +96 -76 -51 +50 -72 -121 -111 -113 +90 -99 -59 +70 +38 +54 +89 -43 -65 -34 -119)
(+1 +2 +3 +4 +5 +6 +7 +8 +9 +10 +11 +12 +13 +14 +15 +16 +17 +18 +19 +20 +21 +22 +23 +24 +25 +26 +27 +28 +29 +30 +31 +32 -55 +105 +75 +77 +52 +78 +39 -67 -109 -98 -125 +97 +92 +104 +112 -69 -103 +110 +124 +123 -47 -107 +73 +44 -64 -74 -68 -60 -58 -41 -66 +108 -37 -49 -82 +115 +87 -118 -36 -80 +102 +61 -83 +48 -85 -122 -117 -88 +62 -57 +95 -33 +116 -71 -93 +79 +91 +120 +63 +100 +45 +42 +114 -40 +35 +46 -53 +106 +81 +94 +56 -86 +84 +101 +96 -76 -51 +50 -72 -121 -111 -113 +90 -99 -59 +70 +38 +54 +89 -43 -65 -34 -119)
(+1 +2 +3 +4 +5 +6 +7 +8 +9 +10 +11 +12 +13 +14 +15 +16 +17 +18 +19 +20 +21 +22 +23 +24 +25 +26 +27 +28 +29 +30 +31 +32 +33 -95 +57 -62 +88 +117 +122 +85 -48 +83 -61 -102 +80 +36 +118 -87 -115 +82 +49 +37 -108 +66 +41 +58 +60 +68 +74 +64 -44 -73 +107 +47 -123 -124 -110 +103 +69 -112 -104 -92 -97 +125 +98 +109 +67 -39 -78 -52 -77 -75 -105 +55 +116 -71 -93 +79 +91 +120 +63 +100 +45 +42 +114 -40 +35 +46 -53 +106 +81 +94 +56 -86 +84 +101 +96 -76 -51 +50 -72 -121 -111 -113 +90 -99 -59 +70 +38 +54 +89 -43 -65 -34 -119)
(+1 +2 +3 +4 +5 +6 +7 +8 +9 +10 +11 +12 +13 +14 +15 +16 +17 +18 +19 +20 +21 +22 +23 +24 +25 +26 +27 +28 +29 +30 +31 +32 +33 +34 +65 +43 -89 -54 -38 -70 +59 +99 -90 +113 +111 +121 +72 -50 +51 +76 -96 -101 -84 +86 -56 -94 -81 -106 +53 -46 -35 +40 -114 -42 -45 -100 -63 -120 -91 -79 +93 +71 -116 -55 +105 +75 +77 +52 +78 +39 -67 -109 -98 -125 +97 +92 +104 +112 -69 -103 +110 +124 +123 -47 -107 +73 +44 -64 -74 -68 -60 -58 -41 -66 +108 -37 -49 -82 +115 +87 -118 -36 -80 +102 +61 -83 +48 -85 -122 -117 -88 +62 -57 +95 -119)
(+1 +2 +3 +4 +5 +6 +7 +8 +9 +10 +11 +12 +13 +14 +15 +16 +17 +18 +19 +20 +21 +22 +23 +24 +25 +26 +27 +28 +29 +30 +31 +32 +33 +34 +35 +46 -53 +106 +81 +94 +56 -86 +84 +101 +96 -76 -51 +50 -72 -121 -111 -113 +90 -99 -59 +70 +38 +54 +89 -43 -65 +40 -114 -42 -45 -100 -63 -120 -91 -79 +93 +71 -116 -55 +105 +75 +77 +52 +78 +39 -67 -109 -98 -125 +97 +92 +104 +112 -69 -103 +110 +124 +123 -47 -107 +73 +44 -64 -74 -68 -60 -58 -41 -66 +108 -37 -49 -82 +115 +87 -118 -36 -80 +102 +61 -83 +48 -85 -122 -117 -88 +62 -57 +95 -119)
(+1 +2 +3 +4 +5 +6 +7 +8 +9 +10 +11 +12 +13 +14 +15 +16 +17 +18 +19 +20 +21 +22 +23 +24 +25 +26 +27 +28 +29 +30 +31 +32 +33 +34 +35 +36 +118 -87 -115 +82 +49 +37 -108 +66 +41 +58 +60 +68 +74 +64 -44 -73 +107 +47 -123 -124 -110 +103 +69 -112 -104 -92 -97 +125 +98 +109 +67 -39 -78 -52 -77 -75 -105 +55 +116 -71 -93 +79 +91 +120 +63 +100 +45 +42 +114 -40 +65 +43 -89 -54 -38 -70 +59 +99 -90 +113 +111 +121 +72 -50 +51 +76 -96 -101 -84 +86 -56 -94 -81 -106 +53 -46 -80 +102 +61 -83 +48 -85 -122 -117 -88 +62 -57 +95 -119)
(+1 +2 +3 +4 +5 +6 +7 +8 +9 +10 +11 +12 +13 +14 +15 +16 +17 +18 +19 +20 +21 +22 +23 +24 +25 +26 +27 +28 +29 +30 +31 +32 +33 +34 +35 +36 -37 -49 -82 +115 +87 -118 -108 +66 +41 +58 +60 +68 +74 +64 -44 -73 +107 +47 -123 -124 -110 +103 +69 -112 -104 -92 -97 +125 +98 +109 +67 -39 -78 -52 -77 -75 -105 +55 +116 -71 -93 +79 +91 +120 +63 +100 +45 +42 +114 -40 +65 +43 -89 -54 -38 -70 +59 +99 -90 +113 +111 +121 +72 -50 +51 +76 -96 -101 -84 +86 -56 -94 -81 -106 +53 -46 -80 +102 +61 -83 +48 -85 -122 -117 -88 +62 -57 +95 -119)
(+1 +2 +3 +4 +5 +6 +7 +8 +9 +10 +11 +12 +13 +14 +15 +16 +17 +18 +19 +20 +21 +22 +23 +24 +25 +26 +27 +28 +29 +30 +31 +32 +33 +34 +35 +36 +37 -49 -82 +115 +87 -118 -108 +66 +41 +58 +60 +68 +74 +64 -44 -73 +107 +47 -123 -124 -110 +103 +69 -112 -104 -92 -97 +125 +98 +109 +67 -39 -78 -52 -77 -75 -105 +55 +116 -71 -93 +79 +91 +120 +63 +100 +45 +42 +114 -40 +65 +43 -89 -54 -38 -70 +59 +99 -90 +113 +111 +121 +72 -50 +51 +76 -96 -101 -84 +86 -56 -94 -81 -106 +53 -46 -80 +102 +61 -83 +48 -85 -122 -117 -88 +62 -57 +95 -119)
(+1 +2 +3 +4 +5 +6 +7 +8 +9 +10 +11 +12 +13 +14 +15 +16 +17 +18 +19 +20 +21 +22 +23 +24 +25 +26 +27 +28 +29 +30 +31 +32 +33 +34 +35 +36 +37 +38 +54 +89 -43 -65 +40 -114 -42 -45 -100 -63 -120 -91 -79 +93 +71 -116 -55 +105 +75 +77 +52 +78 +39 -67 -109 -98 -125 +97 +92 +104 +112 -69 -103 +110 +124 +123 -47 -107 +73 +44 -64 -74 -68 -60 -58 -41 -66 +108 +118 -87 -115 +82 +49 -70 +59 +99 -90 +113 +111 +121 +72 -50 +51 +76 -96 -101 -84 +86 -56 -94 -81 -106 +53 -46 -80 +102 +61 -83 +48 -85 -122 -117 -88 +62 -57 +95 -119)
(+1 +2 +3 +4 +5 +6 +7 +8 +9 +10 +11 +12 +13 +14 +15 +16 +17 +18 +19 +20 +21 +22 +23 +24 +25 +26 +27 +28 +29 +30 +31 +32 +33 +34 +35 +36 +37 +38 -39 -78 -52 -77 -75 -105 +55 +116 -71 -93 +79 +91 +120 +63 +100 +45 +42 +114 -40 +65 +43 -89 -54 -67 -109 -98 -125 +97 +92 +104 +112 -69 -103 +110 +124 +123 -47 -107 +73 +44 -64 -74 -68 -60 -58 -41 -66 +108 +118 -87 -115 +82 +49 -70 +59 +99 -90 +113 +111 +121 +72 -50 +51 +76 -96 -101 -84 +86 -56 -94 -81 -106 +53 -46 -80 +102 +61 -83 +48 -85 -122 -117 -88 +62 -57 +95 -119)
(+1 +2 +3 +4 +5 +6 +7 +8 +9 +10 +11 +12 +13 +14 +15 +16 +17 +18 +19 +20 +21 +22 +23 +24 +25 +26 +27 +28 +29 +30 +31 +32 +33 +34 +35 +36 +37 +38 +39 -78 -52 -77 -75 -105 +55 +116 -71 -93 +79 +91 +120 +63 +100 +45 +42 +114 -40 +65 +43 -89 -54 -67 -109 -98 -125 +97 +92 +104 +112 -69 -103 +110 +124 +123 -47 -107 +73 +44 -64 -74 -68 -60 -58 -41 -66 +108 +118 -87 -115 +82 +49 -70 +59 +99 -90 +113 +111 +121 +72 -50 +51 +76 -96 -101 -84 +86 -56 -94 -81 -106 +53 -46 -80 +102 +61 -83 +48 -85 -122 -117 -88 +62 -57 +95 -119)
(+1 +2 +3 +4 +5 +6 +7 +8 +9 +10 +11 +12 +13 +14 +15 +16 +17 +18 +19 +20 +21 +22 +23 +24 +25 +26 +27 +28 +29 +30 +31 +32 +33 +34 +35 +36 +37 +38 +39 +40 -114 -42 -45 -100 -63 -120 -91 -79 +93 +71 -116 -55 +105 +75 +77 +52 +78 +65 +43 -89 -54 -67 -109 -98 -125 +97 +92 +104 +112 -69 -103 +110 +124 +123 -47 -107 +73 +44 -64 -74 -68 -60 -58 -41 -66 +108 +118 -87 -115 +82 +49 -70 +59 +99 -90 +113 +111 +121 +72 -50 +51 +76 -96 -101 -84 +86 -56 -94 -81 -106 +53 -46 -80 +102 +61 -83 +48 -85 -122 -117 -88 +62 -57 +95 -119)
(+1 +2 +3 +4 +5 +6 +7 +8 +9 +10 +11 +12 +13 +14 +15 +16 +17 +18 +19 +20 +21 +22 +23 +24 +25 +26 +27 +28 +29 +30 +31 +32 +33 +34 +35 +36 +37 +38 +39 +40 +41 +58 +60 +68 +74 +64 -44 -73 +107 +47 -123 -124 -110 +103 +69 -112 -104 -92 -97 +125 +98 +109 +67 +54 +89 -43 -65 -78 -52 -77 -75 -105 +55 +116 -71 -93 +79 +91 +120 +63 +100 +45 +42 +114 -66 +108 +118 -87 -115 +82 +49 -70 +59 +99 -90 +113 +111 +121 +72 -50 +51 +76 -96 -101 -84 +86 -56 -94 -81 -106 +53 -46 -80 +102 +61 -83 +48 -85 -122 -117 -88 +62 -57 +95 -119)
(+1 +2 +3 +4 +5 +6 +7 +8 +9 +10 +11 +12 +13 +14 +15 +16 +17 +18 +19 +20 +21 +22 +23 +24 +25 +26 +27 +28 +29 +30 +31 +32 +33 +34 +35 +36 +37 +38 +39 +40 +41 -42 -45 -100 -63 -120 -91 -79 +93 +71 -116 -55 +105 +75 +77 +52 +78 +65 +43 -89 -54 -67 -109 -98 -125 +97 +92 +104 +112 -69 -103 +110 +124 +123 -47 -107 +73 +44 -64 -74 -68 -60 -58 +114 -66 +108 +118 -87 -115 +82 +49 -70 +59 +99 -90 +113 +111 +121 +72 -50 +51 +76 -96 -101 -84 +86 -56 -94 -81 -106 +53 -46 -80 +102 +61 -83 +48 -85 -122 -117 -88 +62 -57 +95 -119)
(+1 +2 +3 +4 +5 +6 +7 +8 +9 +10 +11 +12 +13 +14 +15 +16 +17 +18 +19 +20 +21 +22 +23 +24 +25 +26 +27 +28 +29 +30 +31 +32 +33 +34 +35 +36 +37 +38 +39 +40 +41 +42 -45 -100 -63 -120 -91 -79 +93 +71 -116 -55 +105 +75 +77 +52 +78 +65 +43 -89 -54 -67 -109 -98 -125 +97 +92 +104 +112 -69 -103 +110 +124 +123 -47 -107 +73 +44 -64 -74 -68 -60 -58 +114 -66 +108 +118 -87 -115 +82 +49 -70 +59 +99 -90 +113 +111 +121 +72 -50 +51 +76 -96 -101 -84 +86 -56 -94 -81 -106 +53 -46 -80 +102 +61 -83 +48 -85 -122 -117 -88 +62 -57 +95 -119)
(+1 +2 +3 +4 +5 +6 +7 +8 +9 +10 +11 +12 +13 +14 +15 +16 +17 +18 +19 +20 +21 +22 +23 +24 +25 +26 +27 +28 +29 +30 +31 +32 +33 +34 +35 +36 +37 +38 +39 +40 +41 +42 -43 -65 -78 -52 -77 -75 -105 +55 +116 -71 -93 +79 +91 +120 +63 +100 +45 -89 -54 -67 -109 -98 -125 +97 +92 +104 +112 -69 -103 +110 +124 +123 -47 -107 +73 +44 -64 -74 -68 -60 -58 +114 -66 +108 +118 -87 -115 +82 +49 -70 +59 +99 -90 +113 +111 +121 +72 -50 +51 +76 -96 -101 -84 +86 -56 -94 -81 -106 +53 -46 -80 +102 +61 -83 +48 -85 -122 -117 -88 +62 -57 +95 -119)
(+1 +2 +3 +4 +5 +6 +7 +8 +9 +10 +11 +12 +13 +14 +15 +16 +17 +18 +19 +20 +21 +22 +23 +24 +25 +26 +27 +28 +29 +30 +31 +32 +33 +34 +35 +36 +37 +38 +39 +40 +41 +42 +43 -65 -78 -52 -77 -75 -105 +55 +116 -71 -93 +79 +91 +120 +63 +100 +45 -89 -54 -67 -109 -98 -125 +97 +92 +104 +112 -69 -103 +110 +124 +123 -47 -107 +73 +44 -64 -74 -68 -60 -58 +114 -66 +108 +118 -87 -115 +82 +49 -70 +59 +99 -90 +113 +111 +121 +72 -50 +51 +76 -96 -101 -84 +86 -56 -94 -81 -106 +53 -46 -80 +102 +61 -83 +48 -85 -122 -117 -88 +62 -57 +95 -119)
(+1 +2 +3 +4 +5 +6 +7 +8 +9 +10 +11 +12 +13 +14 +15 +16 +17 +18 +19 +20 +21 +22 +23 +24 +25 +26 +27 +28 +29 +30 +31 +32 +33 +34 +35 +36 +37 +38 +39 +40 +41 +42 +43 -44 -73 +107 +47 -123 -124 -110 +103 +69 -112 -104 -92 -97 +125 +98 +109 +67 +54 +89 -45 -100 -63 -120 -91 -79 +93 +71 -116 -55 +105 +75 +77 +52 +78 +65 -64 -74 -68 -60 -58 +114 -66 +108 +118 -87 -115 +82 +49 -70 +59 +99 -90 +113 +111 +121 +72 -50 +51 +76 -96 -101 -84 +86 -56 -94 -81 -106 +53 -46 -80 +102 +61 -83 +48 -85 -122 -117 -88 +62 -57 +95 -119)
(+1 +2 +3 +4 +5 +6 +7 +8 +9 +10 +11 +12 +13 +14 +15 +16 +17 +18 +19 +20 +21 +22 +23 +24 +25 +26 +27 +28 +29 +30 +31 +32 +33 +34 +35 +36 +37 +38 +39 +40 +41 +42 +43 +44 -73 +107 +47 -123 -124 -110 +103 +69 -112 -104 -92 -97 +125 +98 +109 +67 +54 +89 -45 -100 -63 -120 -91 -79 +93 +71 -116 -55 +105 +75 +77 +52 +78 +65 -64 -74 -68 -60 -58 +114 -66 +108 +118 -87 -115 +82 +49 -70 +59 +99 -90 +113 +111 +121 +72 -50 +51 +76 -96 -101 -84 +86 -56 -94 -81 -106 +53 -46 -80 +102 +61 -83 +48 -85 -122 -117 -88 +62 -57 +95 -119)
(+1 +2 +3 +4 +5 +6 +7 +8 +9 +10 +11 +12 +13 +14 +15 +16 +17 +18 +19 +20 +21 +22 +23 +24 +25 +26 +27 +28 +29 +30 +31 +32 +33 +34 +35 +36 +37 +38 +39 +40 +41 +42 +43 +44 +45 -89 -54 -67 -109 -98 -125 +97 +92 +104 +112 -69 -103 +110 +124 +123 -47 -107 +73 -100 -63 -120 -91 -79 +93 +71 -116 -55 +105 +75 +77 +52 +78 +65 -64 -74 -68 -60 -58 +114 -66 +108 +118 -87 -115 +82 +49 -70 +59 +99 -90 +113 +111 +121 +72 -50 +51 +76 -96 -101 -84 +86 -56 -94 -81 -106 +53 -46 -80 +102 +61 -83 +48 -85 -122 -117 -88 +62 -57 +95 -119)
(+1 +2 +3 +4 +5 +6 +7 +8 +9 +10 +11 +12 +13 +14 +15 +16 +17 +18 +19 +20 +21 +22 +23 +24 +25 +26 +27 +28 +29 +30 +31 +32 +33 +34 +35 +36 +37 +38 +39 +40 +41 +42 +43 +44 +45 +46 -53 +106 +81 +94 +56 -86 +84 +101 +96 -76 -51 +50 -72 -121 -111 -113 +90 -99 -59 +70 -49 -82 +115 +87 -118 -108 +66 -114 +58 +60 +68 +74 +64 -65 -78 -52 -77 -75 -105 +55 +116 -71 -93 +79 +91 +120 +63 +100 -73 +107 +47 -123 -124 -110 +103 +69 -112 -104 -92 -97 +125 +98 +109 +67 +54 +89 -80 +102 +61 -83 +48 -85 -122 -117 -88 +62 -57 +95 -119)
(+1 +2 +3 +4 +5 +6 +7 +8 +9 +10 +11 +12 +13 +14 +15 +16 +17 +18 +19 +20 +21 +22 +23 +24 +25 +26 +27 +28 +29 +30 +31 +32 +33 +34 +35 +36 +37 +38 +39 +40 +41 +42 +43 +44 +45 +46 -47 -107 +73 -100 -63 -120 -91 -79 +93 +71 -116 -55 +105 +75 +77 +52 +78 +65 -64 -74 -68 -60 -58 +114 -66 +108 +118 -87 -115 +82 +49 -70 +59 +99 -90 +113 +111 +121 +72 -50 +51 +76 -96 -101 -84 +86 -56 -94 -81 -106 +53 -123 -124 -110 +103 +69 -112 -104 -92 -97 +125 +98 +109 +67 +54 +89 -80 +102 +61 -83 +48 -85 -122 -117 -88 +62 -57 +95 -119)
(+1 +2 +3 +4 +5 +6 +7 +8 +9 +10 +11 +12 +13 +14 +15 +16 +17 +18 +19 +20 +21 +22 +23 +24 +25 +26 +27 +28 +29 +30 +31 +32 +33 +34 +35 +36 +37 +38 +39 +40 +41 +42 +43 +44 +45 +46 +47 -107 +73 -100 -63 -120 -91 -79 +93 +71 -116 -55 +105 +75 +77 +52 +78 +65 -64 -74 -68 -60 -58 +114 -66 +108 +118 -87 -115 +82 +49 -70 +59 +99 -90 +113 +111 +121 +72 -50 +51 +76 -96 -101 -84 +86 -56 -94 -81 -106 +53 -123 -124 -110 +103 +69 -112 -104 -92 -97 +125 +98 +109 +67 +54 +89 -80 +102 +61 -83 +48 -85 -122 -117 -88 +62 -57 +95 -119)
(+1 +2 +3 +4 +5 +6 +7 +8 +9 +10 +11 +12 +13 +14 +15 +16 +17 +18 +19 +20 +21 +22 +23 +24 +25 +26 +27 +28 +29 +30 +31 +32 +33 +34 +35 +36 +37 +38 +39 +40 +41 +42 +43 +44 +45 +46 +47 -48 +83 -61 -102 +80 -89 -54 -67 -109 -98 -125 +97 +92 +104 +112 -69 -103 +110 +124 +123 -53 +106 +81 +94 +56 -86 +84 +101 +96 -76 -51 +50 -72 -121 -111 -113 +90 -99 -59 +70 -49 -82 +115 +87 -118 -108 +66 -114 +58 +60 +68 +74 +64 -65 -78 -52 -77 -75 -105 +55 +116 -71 -93 +79 +91 +120 +63 +100 -73 +107 -85 -122 -117 -88 +62 -57 +95 -119)
(+1 +2 +3 +4 +5 +6 +7 +8 +9 +10 +11 +12 +13 +14 +15 +16 +17 +18 +19 +20 +21 +22 +23 +24 +25 +26 +27 +28 +29 +30 +31 +32 +33 +34 +35 +36 +37 +38 +39 +40 +41 +42 +43 +44 +45 +46 +47 +48 +83 -61 -102 +80 -89 -54 -67 -109 -98 -125 +97 +92 +104 +112 -69 -103 +110 +124 +123 -53 +106 +81 +94 +56 -86 +84 +101 +96 -76 -51 +50 -72 -121 -111 -113 +90 -99 -59 +70 -49 -82 +115 +87 -118 -108 +66 -114 +58 +60 +68 +74 +64 -65 -78 -52 -77 -75 -105 +55 +116 -71 -93 +79 +91 +120 +63 +100 -73 +107 -85 -122 -117 -88 +62 -57 +95 -119)
(+1 +2 +3 +4 +5 +6 +7 +8 +9 +10 +11 +12 +13 +14 +15 +16 +17 +18 +19 +20 +21 +22 +23 +24 +25 +26 +27 +28 +29 +30 +31 +32 +33 +34 +35 +36 +37 +38 +39 +40 +41 +42 +43 +44 +45 +46 +47 +48 +49 -70 +59 +99 -90 +113 +111 +121 +72 -50 +51 +76 -96 -101 -84 +86 -56 -94 -81 -106 +53 -123 -124 -110 +103 +69 -112 -104 -92 -97 +125 +98 +109 +67 +54 +89 -80 +102 +61 -83 -82 +115 +87 -118 -108 +66 -114 +58 +60 +68 +74 +64 -65 -78 -52 -77 -75 -105 +55 +116 -71 -93 +79 +91 +120 +63 +100 -73 +107 -85 -122 -117 -88 +62 -57 +95 -119)
(+1 +2 +3 +4 +5 +6 +7 +8 +9 +10 +11 +12 +13 +14 +15 +16 +17 +18 +19 +20 +21 +22 +23 +24 +25 +26 +27 +28 +29 +30 +31 +32 +33 +34 +35 +36 +37 +38 +39 +40 +41 +42 +43 +44 +45 +46 +47 +48 +49 +50 -72 -121 -111 -113 +90 -99 -59 +70 +51 +76 -96 -101 -84 +86 -56 -94 -81 -106 +53 -123 -124 -110 +103 +69 -112 -104 -92 -97 +125 +98 +109 +67 +54 +89 -80 +102 +61 -83 -82 +115 +87 -118 -108 +66 -114 +58 +60 +68 +74 +64 -65 -78 -52 -77 -75 -105 +55 +116 -71 -93 +79 +91 +120 +63 +100 -73 +107 -85 -122 -117 -88 +62 -57 +95 -119)
(+1 +2 +3 +4 +5 +6 +7 +8 +9 +10 +11 +12 +13 +14 +15 +16 +17 +18 +19 +20 +21 +22 +23 +24 +25 +26 +27 +28 +29 +30 +31 +32 +33 +34 +35 +36 +37 +38 +39 +40 +41 +42 +43 +44 +45 +46 +47 +48 +49 +50 -51 -70 +59 +99 -90 +113 +111 +121 +72 +76 -96 -101 -84 +86 -56 -94 -81 -106 +53 -123 -124 -110 +103 +69 -112 -104 -92 -97 +125 +98 +109 +67 +54 +89 -80 +102 +61 -83 -82 +115 +87 -118 -108 +66 -114 +58 +60 +68 +74 +64 -65 -78 -52 -77 -75 -105 +55 +116 -71 -93 +79 +91 +120 +63 +100 -73 +107 -85 -122 -117 -88 +62 -57 +95 -119)
(+1 +2 +3 +4 +5 +6 +7 +8 +9 +10 +11 +12 +13 +14 +15 +16 +17 +18 +19 +20 +21 +22 +23 +24 +25 +26 +27 +28 +29 +30 +31 +32 +33 +34 +35 +36 +37 +38 +39 +40 +41 +42 +43 +44 +45 +46 +47 +48 +49 +50 +51 -70 +59 +99 -90 +113 +111 +121 +72 +76 -96 -101 -84 +86 -56 -94 -81 -106 +53 -123 -124 -110 +103 +69 -112 -104 -92 -97 +125 +98 +109 +67 +54 +89 -80 +102 +61 -83 -82 +115 +87 -118 -108 +66 -114 +58 +60 +68 +74 +64 -65 -78 -52 -77 -75 -105 +55 +116 -71 -93 +79 +91 +120 +63 +100 -73 +107 -85 -122 -117 -88 +62 -57 +95 -119)
(+1 +2 +3 +4 +5 +6 +7 +8 +9 +10 +11 +12 +13 +14 +15 +16 +17 +18 +19 +20 +21 +22 +23 +24 +25 +26 +27 +28 +29 +30 +31 +32 +33 +34 +35 +36 +37 +38 +39 +40 +41 +42 +43 +44 +45 +46 +47 +48 +49 +50 +51 +52 +78 +65 -64 -74 -68 -60 -58 +114 -66 +108 +118 -87 -115 +82 +83 -61 -102 +80 -89 -54 -67 -109 -98 -125 +97 +92 +104 +112 -69 -103 +110 +124 +123 -53 +106 +81 +94 +56 -86 +84 +101 +96 -76 -72 -121 -111 -113 +90 -99 -59 +70 -77 -75 -105 +55 +116 -71 -93 +79 +91 +120 +63 +100 -73 +107 -85 -122 -117 -88 +62 -57 +95 -119)
(+1 +2 +3 +4 +5 +6 +7 +8 +9 +10 +11 +12 +13 +14 +15 +16 +17 +18 +19 +20 +21 +22 +23 +24 +25 +26 +27 +28 +29 +30 +31 +32 +33 +34 +35 +36 +37 +38 +39 +40 +41 +42 +43 +44 +45 +46 +47 +48 +49 +50 +51 +52 +53 -123 -124 -110 +103 +69 -112 -104 -92 -97 +125 +98 +109 +67 +54 +89 -80 +102 +61 -83 -82 +115 +87 -118 -108 +66 -114 +58 +60 +68 +74 +64 -65 -78 +106 +81 +94 +56 -86 +84 +101 +96 -76 -72 -121 -111 -113 +90 -99 -59 +70 -77 -75 -105 +55 +116 -71 -93 +79 +91 +120 +63 +100 -73 +107 -85 -122 -117 -88 +62 -57 +95 -119)
(+1 +2 +3 +4 +5 +6 +7 +8 +9 +10 +11 +12 +13 +14 +15 +16 +17 +18 +19 +20 +21 +22 +23 +24 +25 +26 +27 +28 +29 +30 +31 +32 +33 +34 +35 +36 +37 +38 +39 +40 +41 +42 +43 +44 +45 +46 +47 +48 +49 +50 +51 +52 +53 -54 -67 -109 -98 -125 +97 +92 +104 +112 -69 -103 +110 +124 +123 +89 -80 +102 +61 -83 -82 +115 +87 -118 -108 +66 -114 +58 +60 +68 +74 +64 -65 -78 +106 +81 +94 +56 -86 +84 +101 +96 -76 -72 -121 -111 -113 +90 -99 -59 +70 -77 -75 -105 +55 +116 -71 -93 +79 +91 +120 +63 +100 -73 +107 -85 -122 -117 -88 +62 -57 +95 -119)
(+1 +2 +3 +4 +5 +6 +7 +8 +9 +10 +11 +12 +13 +14 +15 +16 +17 +18 +19 +20 +21 +22 +23 +24 +25 +26 +27 +28 +29 +30 +31 +32 +33 +34 +35 +36 +37 +38 +39 +40 +41 +42 +43 +44 +45 +46 +47 +48 +49 +50 +51 +52 +53 +54 -67 -109 -98 -125 +97 +92 +104 +112 -69 -103 +110 +124 +123 +89 -80 +102 +61 -83 -82 +115 +87 -118 -108 +66 -114 +58 +60 +68 +74 +64 -65 -78 +106 +81 +94 +56 -86 +84 +101 +96 -76 -72 -121 -111 -113 +90 -99 -59 +70 -77 -75 -105 +55 +116 -71 -93 +79 +91 +120 +63 +100 -73 +107 -85 -122 -117 -88 +62 -57 +95 -119)
(+1 +2 +3 +4 +5 +6 +7 +8 +9 +10 +11 +12 +13 +14 +15 +16 +17 +18 +19 +20 +21 +22 +23 +24 +25 +26 +27 +28 +29 +30 +31 +32 +33 +34 +35 +36 +37 +38 +39 +40 +41 +42 +43 +44 +45 +46 +47 +48 +49 +50 +51 +52 +53 +54 -55 +105 +75 +77 -70 +59 +99 -90 +113 +111 +121 +72 +76 -96 -101 -84 +86 -56 -94 -81 -106 +78 +65 -64 -74 -68 -60 -58 +114 -66 +108 +118 -87 -115 +82 +83 -61 -102 +80 -89 -123 -124 -110 +103 +69 -112 -104 -92 -97 +125 +98 +109 +67 +116 -71 -93 +79 +91 +120 +63 +100 -73 +107 -85 -122 -117 -88 +62 -57 +95 -119)
(+1 +2 +3 +4 +5 +6 +7 +8 +9 +10 +11 +12 +13 +14 +15 +16 +17 +18 +19 +20 +21 +22 +23 +24 +25 +26 +27 +28 +29 +30 +31 +32 +33 +34 +35 +36 +37 +38 +39 +40 +41 +42 +43 +44 +45 +46 +47 +48 +49 +50 +51 +52 +53 +54 +55 +105 +75 +77 -70 +59 +99 -90 +113 +111 +121 +72 +76 -96 -101 -84 +86 -56 -94 -81 -106 +78 +65 -64 -74 -68 -60 -58 +114 -66 +108 +118 -87 -115 +82 +83 -61 -102 +80 -89 -123 -124 -110 +103 +69 -112 -104 -92 -97 +125 +98 +109 +67 +116 -71 -93 +79 +91 +120 +63 +100 -73 +107 -85 -122 -117 -88 +62 -57 +95 -119)
(+1 +2 +3 +4 +5 +6 +7 +8 +9 +10 +11 +12 +13 +14 +15 +16 +17 +18 +19 +20 +21 +22 +23 +24 +25 +26 +27 +28 +29 +30 +31 +32 +33 +34 +35 +36 +37 +38 +39 +40 +41 +42 +43 +44 +45 +46 +47 +48 +49 +50 +51 +52 +53 +54 +55 +56 -86 +84 +101 +96 -76 -72 -121 -111 -113 +90 -99 -59 +70 -77 -75 -105 -94 -81 -106 +78 +65 -64 -74 -68 -60 -58 +114 -66 +108 +118 -87 -115 +82 +83 -61 -102 +80 -89 -123 -124 -110 +103 +69 -112 -104 -92 -97 +125 +98 +109 +67 +116 -71 -93 +79 +91 +120 +63 +100 -73 +107 -85 -122 -117 -88 +62 -57 +95 -119)
(+1 +2 +3 +4 +5 +6 +7 +8 +9 +10 +11 +12 +13 +14 +15 +16 +17 +18 +19 +20 +21 +22 +23 +24 +25 +26 +27 +28 +29 +30 +31 +32 +33 +34 +35 +36 +37 +38 +39 +40 +41 +42 +43 +44 +45 +46 +47 +48 +49 +50 +51 +52 +53 +54 +55 +56 +57 -62 +88 +117 +122 +85 -107 +73 -100 -63 -120 -91 -79 +93 +71 -116 -67 -109 -98 -125 +97 +92 +104 +112 -69 -103 +110 +124 +123 +89 -80 +102 +61 -83 -82 +115 +87 -118 -108 +66 -114 +58 +60 +68 +74 +64 -65 -78 +106 +81 +94 +105 +75 +77 -70 +59 +99 -90 +113 +111 +121 +72 +76 -96 -101 -84 +86 +95 -119)
(+1 +2 +3 +4 +5 +6 +7 +8 +9 +10 +11 +12 +13 +14 +15 +16 +17 +18 +19 +20 +21 +22 +23 +24 +25 +26 +27 +28 +29 +30 +31 +32 +33 +34 +35 +36 +37 +38 +39 +40 +41 +42 +43 +44 +45 +46 +47 +48 +49 +50 +51 +52 +53 +54 +55 +56 +57 -58 +114 -66 +108 +118 -87 -115 +82 +83 -61 -102 +80 -89 -123 -124 -110 +103 +69 -112 -104 -92 -97 +125 +98 +109 +67 +116 -71 -93 +79 +91 +120 +63 +100 -73 +107 -85 -122 -117 -88 +62 +60 +68 +74 +64 -65 -78 +106 +81 +94 +105 +75 +77 -70 +59 +99 -90 +113 +111 +121 +72 +76 -96 -101 -84 +86 +95 -119)
(+1 +2 +3 +4 +5 +6 +7 +8 +9 +10 +11 +12 +13 +14 +15 +16 +17 +18 +19 +20 +21 +22 +23 +24 +25 +26 +27 +28 +29 +30 +31 +32 +33 +34 +35 +36 +37 +38 +39 +40 +41 +42 +43 +44 +45 +46 +47 +48 +49 +50 +51 +52 +53 +54 +55 +56 +57 +58 +114 -66 +108 +118 -87 -115 +82 +83 -61 -102 +80 -89 -123 -124 -110 +103 +69 -112 -104 -92 -97 +125 +98 +109 +67 +116 -71 -93 +79 +91 +120 +63 +100 -73 +107 -85 -122 -117 -88 +62 +60 +68 +74 +64 -65 -78 +106 +81 +94 +105 +75 +77 -70 +59 +99 -90 +113 +111 +121 +72 +76 -96 -101 -84 +86 +95 -119)
(+1 +2 +3 +4 +5 +6 +7 +8 +9 +10 +11 +12 +13 +14 +15 +16 +17 +18 +19 +20 +21 +22 +23 +24 +25 +26 +27 +28 +29 +30 +31 +32 +33 +34 +35 +36 +37 +38 +39 +40 +41 +42 +43 +44 +45 +46 +47 +48 +49 +50 +51 +52 +53 +54 +55 +56 +57 +58 -59 +70 -77 -75 -105 -94 -81 -106 +78 +65 -64 -74 -68 -60 -62 +88 +117 +122 +85 -107 +73 -100 -63 -120 -91 -79 +93 +71 -116 -67 -109 -98 -125 +97 +92 +104 +112 -69 -103 +110 +124 +123 +89 -80 +102 +61 -83 -82 +115 +87 -118 -108 +66 -114 +99 -90 +113 +111 +121 +72 +76 -96 -101 -84 +86 +95 -119)
(+1 +2 +3 +4 +5 +6 +7 +8 +9 +10 +11 +12 +13 +14 +15 +16 +17 +18 +19 +20 +21 +22 +23 +24 +25 +26 +27 +28 +29 +30 +31 +32 +33 +34 +35 +36 +37 +38 +39 +40 +41 +42 +43 +44 +45 +46 +47 +48 +49 +50 +51 +52 +53 +54 +55 +56 +57 +58 +59 +70 -77 -75 -105 -94 -81 -106 +78 +65 -64 -74 -68 -60 -62 +88 +117 +122 +85 -107 +73 -100 -63 -120 -91 -79 +93 +71 -116 -67 -109 -98 -125 +97 +92 +104 +112 -69 -103 +110 +124 +123 +89 -80 +102 +61 -83 -82 +115 +87 -118 -108 +66 -114 +99 -90 +113 +111 +121 +72 +76 -96 -101 -84 +86 +95 -119)
(+1 +2 +3 +4 +5 +6 +7 +8 +9 +10 +11 +12 +13 +14 +15 +16 +17 +18 +19 +20 +21 +22 +23 +24 +25 +26 +27 +28 +29 +30 +31 +32 +33 +34 +35 +36 +37 +38 +39 +40 +41 +42 +43 +44 +45 +46 +47 +48 +49 +50 +51 +52 +53 +54 +55 +56 +57 +58 +59 +60 +68 +74 +64 -65 -78 +106 +81 +94 +105 +75 +77 -70 -62 +88 +117 +122 +85 -107 +73 -100 -63 -120 -91 -79 +93 +71 -116 -67 -109 -98 -125 +97 +92 +104 +112 -69 -103 +110 +124 +123 +89 -80 +102 +61 -83 -82 +115 +87 -118 -108 +66 -114 +99 -90 +113 +111 +121 +72 +76 -96 -101 -84 +86 +95 -119)
(+1 +2 +3 +4 +5 +6 +7 +8 +9 +10 +11 +12 +13 +14 +15 +16 +17 +18 +19 +20 +21 +22 +23 +24 +25 +26 +27 +28 +29 +30 +31 +32 +33 +34 +35 +36 +37 +38 +39 +40 +41 +42 +43 +44 +45 +46 +47 +48 +49 +50 +51 +52 +53 +54 +55 +56 +57 +58 +59 +60 -61 -102 +80 -89 -123 -124 -110 +103 +69 -112 -104 -92 -97 +125 +98 +109 +67 +116 -71 -93 +79 +91 +120 +63 +100 -73 +107 -85 -122 -117 -88 +62 +70 -77 -75 -105 -94 -81 -106 +78 +65 -64 -74 -68 -83 -82 +115 +87 -118 -108 +66 -114 +99 -90 +113 +111 +121 +72 +76 -96 -101 -84 +86 +95 -119)
(+1 +2 +3 +4 +5 +6 +7 +8 +9 +10 +11 +12 +13 +14 +15 +16 +17 +18 +19 +20 +21 +22 +23 +24 +25 +26 +27 +28 +29 +30 +31 +32 +33 +34 +35 +36 +37 +38 +39 +40 +41 +42 +43 +44 +45 +46 +47 +48 +49 +50 +51 +52 +53 +54 +55 +56 +57 +58 +59 +60 +61 -102 +80 -89 -123 -124 -110 +103 +69 -112 -104 -92 -97 +125 +98 +109 +67 +116 -71 -93 +79 +91 +120 +63 +100 -73 +107 -85 -122 -117 -88 +62 +70 -77 -75 -105 -94 -81 -106 +78 +65 -64 -74 -68 -83 -82 +115 +87 -118 -108 +66 -114 +99 -90 +113 +111 +121 +72 +76 -96 -101 -84 +86 +95 -119)
(+1 +2 +3 +4 +5 +6 +7 +8 +9 +10 +11 +12 +13 +14 +15 +16 +17 +18 +19 +20 +21 +22 +23 +24 +25 +26 +27 +28 +29 +30 +31 +32 +33 +34 +35 +36 +37 +38 +39 +40 +41 +42 +43 +44 +45 +46 +47 +48 +49 +50 +51 +52 +53 +54 +55 +56 +57 +58 +59 +60 +61 -62 +88 +117 +122 +85 -107 +73 -100 -63 -120 -91 -79 +93 +71 -116 -67 -109 -98 -125 +97 +92 +104 +112 -69 -103 +110 +124 +123 +89 -80 +102 +70 -77 -75 -105 -94 -81 -106 +78 +65 -64 -74 -68 -83 -82 +115 +87 -118 -108 +66 -114 +99 -90 +113 +111 +121 +72 +76 -96 -101 -84 +86 +95 -119)
(+1 +2 +3 +4 +5 +6 +7 +8 +9 +10 +11 +12 +13 +14 +15 +16 +17 +18 +19 +20 +21 +22 +23 +24 +25 +26 +27 +28 +29 +30 +31 +32 +33 +34 +35 +36 +37 +38 +39 +40 +41 +42 +43 +44 +45 +46 +47 +48 +49 +50 +51 +52 +53 +54 +55 +56 +57 +58 +59 +60 +61 +62 +88 +117 +122 +85 -107 +73 -100 -63 -120 -91 -79 +93 +71 -116 -67 -109 -98 -125 +97 +92 +104 +112 -69 -103 +110 +124 +123 +89 -80 +102 +70 -77 -75 -105 -94 -81 -106 +78 +65 -64 -74 -68 -83 -82 +115 +87 -118 -108 +66 -114 +99 -90 +113 +111 +121 +72 +76 -96 -101 -84 +86 +95 -119)
(+1 +2 +3 +4 +5 +6 +7 +8 +9 +10 +11 +12 +13 +14 +15 +16 +17 +18 +19 +20 +21 +22 +23 +24 +25 +26 +27 +28 +29 +30 +31 +32 +33 +34 +35 +36 +37 +38 +39 +40 +41 +42 +43 +44 +45 +46 +47 +48 +49 +50 +51 +52 +53 +54 +55 +56 +57 +58 +59 +60 +61 +62 +63 +100 -73 +107 -85 -122 -117 -88 -120 -91 -79 +93 +71 -116 -67 -109 -98 -125 +97 +92 +104 +112 -69 -103 +110 +124 +123 +89 -80 +102 +70 -77 -75 -105 -94 -81 -106 +78 +65 -64 -74 -68 -83 -82 +115 +87 -118 -108 +66 -114 +99 -90 +113 +111 +121 +72 +76 -96 -101 -84 +86 +95 -119)
(+1 +2 +3 +4 +5 +6 +7 +8 +9 +10 +11 +12 +13 +14 +15 +16 +17 +18 +19 +20 +21 +22 +23 +24 +25 +26 +27 +28 +29 +30 +31 +32 +33 +34 +35 +36 +37 +38 +39 +40 +41 +42 +43 +44 +45 +46 +47 +48 +49 +50 +51 +52 +53 +54 +55 +56 +57 +58 +59 +60 +61 +62 +63 +64 -65 -78 +106 +81 +94 +105 +75 +77 -70 -102 +80 -89 -123 -124 -110 +103 +69 -112 -104 -92 -97 +125 +98 +109 +67 +116 -71 -93 +79 +91 +120 +88 +117 +122 +85 -107 +73 -100 -74 -68 -83 -82 +115 +87 -118 -108 +66 -114 +99 -90 +113 +111 +121 +72 +76 -96 -101 -84 +86 +95 -119)
(+1 +2 +3 +4 +5 +6 +7 +8 +9 +10 +11 +12 +13 +14 +15 +16 +17 +18 +19 +20 +21 +22 +23 +24 +25 +26 +27 +28 +29 +30 +31 +32 +33 +34 +35 +36 +37 +38 +39 +40 +41 +42 +43 +44 +45 +46 +47 +48 +49 +50 +51 +52 +53 +54 +55 +56 +57 +58 +59 +60 +61 +62 +63 +64 +65 -78 +106 +81 +94 +105 +75 +77 -70 -102 +80 -89 -123 -124 -110 +103 +69 -112 -104 -92 -97 +125 +98 +109 +67 +116 -71 -93 +79 +91 +120 +88 +117 +122 +85 -107 +73 -100 -74 -68 -83 -82 +115 +87 -118 -108 +66 -114 +99 -90 +113 +111 +121 +72 +76 -96 -101 -84 +86 +95 -119)
(+1 +2 +3 +4 +5 +6 +7 +8 +9 +10 +11 +12 +13 +14 +15 +16 +17 +18 +19 +20 +21 +22 +23 +24 +25 +26 +27 +28 +29 +30 +31 +32 +33 +34 +35 +36 +37 +38 +39 +40 +41 +42 +43 +44 +45 +46 +47 +48 +49 +50 +51 +52 +53 +54 +55 +56 +57 +58 +59 +60 +61 +62 +63 +64 +65 -66 +108 +118 -87 -115 +82 +83 +68 +74 +100 -73 +107 -85 -122 -117 -88 -120 -91 -79 +93 +71 -116 -67 -109 -98 -125 +97 +92 +104 +112 -69 -103 +110 +124 +123 +89 -80 +102 +70 -77 -75 -105 -94 -81 -106 +78 -114 +99 -90 +113 +111 +121 +72 +76 -96 -101 -84 +86 +95 -119)
(+1 +2 +3 +4 +5 +6 +7 +8 +9 +10 +11 +12 +13 +14 +15 +16 +17 +18 +19 +20 +21 +22 +23 +24 +25 +26 +27 +28 +29 +30 +31 +32 +33 +34 +35 +36 +37 +38 +39 +40 +41 +42 +43 +44 +45 +46 +47 +48 +49 +50 +51 +52 +53 +54 +55 +56 +57 +58 +59 +60 +61 +62 +63 +64 +65 +66 +108 +118 -87 -115 +82 +83 +68 +74 +100 -73 +107 -85 -122 -117 -88 -120 -91 -79 +93 +71 -116 -67 -109 -98 -125 +97 +92 +104 +112 -69 -103 +110 +124 +123 +89 -80 +102 +70 -77 -75 -105 -94 -81 -106 +78 -114 +99 -90 +113 +111 +121 +72 +76 -96 -101 -84 +86 +95 -119)
(+1 +2 +3 +4 +5 +6 +7 +8 +9 +10 +11 +12 +13 +14 +15 +16 +17 +18 +19 +20 +21 +22 +23 +24 +25 +26 +27 +28 +29 +30 +31 +32 +33 +34 +35 +36 +37 +38 +39 +40 +41 +42 +43 +44 +45 +46 +47 +48 +49 +50 +51 +52 +53 +54 +55 +56 +57 +58 +59 +60 +61 +62 +63 +64 +65 +66 +67 +116 -71 -93 +79 +91 +120 +88 +117 +122 +85 -107 +73 -100 -74 -68 -83 -82 +115 +87 -118 -108 -109 -98 -125 +97 +92 +104 +112 -69 -103 +110 +124 +123 +89 -80 +102 +70 -77 -75 -105 -94 -81 -106 +78 -114 +99 -90 +113 +111 +121 +72 +76 -96 -101 -84 +86 +95 -119)
(+1 +2 +3 +4 +5 +6 +7 +8 +9 +10 +11 +12 +13 +14 +15 +16 +17 +18 +19 +20 +21 +22 +23 +24 +25 +26 +27 +28 +29 +30 +31 +32 +33 +34 +35 +36 +37 +38 +39 +40 +41 +42 +43 +44 +45 +46 +47 +48 +49 +50 +51 +52 +53 +54 +55 +56 +57 +58 +59 +60 +61 +62 +63 +64 +65 +66 +67 +68 +74 +100 -73 +107 -85 -122 -117 -88 -120 -91 -79 +93 +71 -116 -83 -82 +115 +87 -118 -108 -109 -98 -125 +97 +92 +104 +112 -69 -103 +110 +124 +123 +89 -80 +102 +70 -77 -75 -105 -94 -81 -106 +78 -114 +99 -90 +113 +111 +121 +72 +76 -96 -101 -84 +86 +95 -119)
(+1 +2 +3 +4 +5 +6 +7 +8 +9 +10 +11 +12 +13 +14 +15 +16 +17 +18 +19 +20 +21 +22 +23 +24 +25 +26 +27 +28 +29 +30 +31 +32 +33 +34 +35 +36 +37 +38 +39 +40 +41 +42 +43 +44 +45 +46 +47 +48 +49 +50 +51 +52 +53 +54 +55 +56 +57 +58 +59 +60 +61 +62 +63 +64 +65 +66 +67 +68 +69 -112 -104 -92 -97 +125 +98 +109 +108 +118 -87 -115 +82 +83 +116 -71 -93 +79 +91 +120 +88 +117 +122 +85 -107 +73 -100 -74 -103 +110 +124 +123 +89 -80 +102 +70 -77 -75 -105 -94 -81 -106 +78 -114 +99 -90 +113 +111 +121 +72 +76 -96 -101 -84 +86 +95 -119)
(+1 +2 +3 +4 +5 +6 +7 +8 +9 +10 +11 +12 +13 +14 +15 +16 +17 +18 +19 +20 +21 +22 +23 +24 +25 +26 +27 +28 +29 +30 +31 +32 +33 +34 +35 +36 +37 +38 +39 +40 +41 +42 +43 +44 +45 +46 +47 +48 +49 +50 +51 +52 +53 +54 +55 +56 +57 +58 +59 +60 +61 +62 +63 +64 +65 +66 +67 +68 +69 -70 -102 +80 -89 -123 -124 -110 +103 +74 +100 -73 +107 -85 -122 -117 -88 -120 -91 -79 +93 +71 -116 -83 -82 +115 +87 -118 -108 -109 -98 -125 +97 +92 +104 +112 -77 -75 -105 -94 -81 -106 +78 -114 +99 -90 +113 +111 +121 +72 +76 -96 -101 -84 +86 +95 -119)
(+1 +2 +3 +4 +5 +6 +7 +8 +9 +10 +11 +12 +13 +14 +15 +16 +17 +18 +19 +20 +21 +22 +23 +24 +25 +26 +27 +28 +29 +30 +31 +32 +33 +34 +35 +36 +37 +38 +39 +40 +41 +42 +43 +44 +45 +46 +47 +48 +49 +50 +51 +52 +53 +54 +55 +56 +57 +58 +59 +60 +61 +62 +63 +64 +65 +66 +67 +68 +69 +70 -102 +80 -89 -123 -124 -110 +103 +74 +100 -73 +107 -85 -122 -117 -88 -120 -91 -79 +93 +71 -116 -83 -82 +115 +87 -118 -108 -109 -98 -125 +97 +92 +104 +112 -77 -75 -105 -94 -81 -106 +78 -114 +99 -90 +113 +111 +121 +72 +76 -96 -101 -84 +86 +95 -119)
(+1 +2 +3 +4 +5 +6 +7 +8 +9 +10 +11 +12 +13 +14 +15 +16 +17 +18 +19 +20 +21 +22 +23 +24 +25 +26 +27 +28 +29 +30 +31 +32 +33 +34 +35 +36 +37 +38 +39 +40 +41 +42 +43 +44 +45 +46 +47 +48 +49 +50 +51 +52 +53 +54 +55 +56 +57 +58 +59 +60 +61 +62 +63 +64 +65 +66 +67 +68 +69 +70 -71 -93 +79 +91 +120 +88 +117 +122 +85 -107 +73 -100 -74 -103 +110 +124 +123 +89 -80 +102 -116 -83 -82 +115 +87 -118 -108 -109 -98 -125 +97 +92 +104 +112 -77 -75 -105 -94 -81 -106 +78 -114 +99 -90 +113 +111 +121 +72 +76 -96 -101 -84 +86 +95 -119)
(+1 +2 +3 +4 +5 +6 +7 +8 +9 +10 +11 +12 +13 +14 +15 +16 +17 +18 +19 +20 +21 +22 +23 +24 +25 +26 +27 +28 +29 +30 +31 +32 +33 +34 +35 +36 +37 +38 +39 +40 +41 +42 +43 +44 +45 +46 +47 +48 +49 +50 +51 +52 +53 +54 +55 +56 +57 +58 +59 +60 +61 +62 +63 +64 +65 +66 +67 +68 +69 +70 +71 -93 +79 +91 +120 +88 +117 +122 +85 -107 +73 -100 -74 -103 +110 +124 +123 +89 -80 +102 -116 -83 -82 +115 +87 -118 -108 -109 -98 -125 +97 +92 +104 +112 -77 -75 -105 -94 -81 -106 +78 -114 +99 -90 +113 +111 +121 +72 +76 -96 -101 -84 +86 +95 -119)
(+1 +2 +3 +4 +5 +6 +7 +8 +9 +10 +11 +12 +13 +14 +15 +16 +17 +18 +19 +20 +21 +22 +23 +24 +25 +26 +27 +28 +29 +30 +31 +32 +33 +34 +35 +36 +37 +38 +39 +40 +41 +42 +43 +44 +45 +46 +47 +48 +49 +50 +51 +52 +53 +54 +55 +56 +57 +58 +59 +60 +61 +62 +63 +64 +65 +66 +67 +68 +69 +70 +71 -72 -121 -111 -113 +90 -99 +114 -78 +106 +81 +94 +105 +75 +77 -112 -104 -92 -97 +125 +98 +109 +108 +118 -87 -115 +82 +83 +116 -102 +80 -89 -123 -124 -110 +103 +74 +100 -73 +107 -85 -122 -117 -88 -120 -91 -79 +93 +76 -96 -101 -84 +86 +95 -119)
(+1 +2 +3 +4 +5 +6 +7 +8 +9 +10 +11 +12 +13 +14 +15 +16 +17 +18 +19 +20 +21 +22 +23 +24 +25 +26 +27 +28 +29 +30 +31 +32 +33 +34 +35 +36 +37 +38 +39 +40 +41 +42 +43 +44 +45 +46 +47 +48 +49 +50 +51 +52 +53 +54 +55 +56 +57 +58 +59 +60 +61 +62 +63 +64 +65 +66 +67 +68 +69 +70 +71 +72 -121 -111 -113 +90 -99 +114 -78 +106 +81 +94 +105 +75 +77 -112 -104 -92 -97 +125 +98 +109 +108 +118 -87 -115 +82 +83 +116 -102 +80 -89 -123 -124 -110 +103 +74 +100 -73 +107 -85 -122 -117 -88 -120 -91 -79 +93 +76 -96 -101 -84 +86 +95 -119)
(+1 +2 +3 +4 +5 +6 +7 +8 +9 +10 +11 +12 +13 +14 +15 +16 +17 +18 +19 +20 +21 +22 +23 +24 +25 +26 +27 +28 +29 +30 +31 +32 +33 +34 +35 +36 +37 +38 +39 +40 +41 +42 +43 +44 +45 +46 +47 +48 +49 +50 +51 +52 +53 +54 +55 +56 +57 +58 +59 +60 +61 +62 +63 +64 +65 +66 +67 +68 +69 +70 +71 +72 +73 -100 -74 -103 +110 +124 +123 +89 -80 +102 -116 -83 -82 +115 +87 -118 -108 -109 -98 -125 +97 +92 +104 +112 -77 -75 -105 -94 -81 -106 +78 -114 +99 -90 +113 +111 +121 +107 -85 -122 -117 -88 -120 -91 -79 +93 +76 -96 -101 -84 +86 +95 -119)
(+1 +2 +3 +4 +5 +6 +7 +8 +9 +10 +11 +12 +13 +14 +15 +16 +17 +18 +19 +20 +21 +22 +23 +24 +25 +26 +27 +28 +29 +30 +31 +32 +33 +34 +35 +36 +37 +38 +39 +40 +41 +42 +43 +44 +45 +46 +47 +48 +49 +50 +51 +52 +53 +54 +55 +56 +57 +58 +59 +60 +61 +62 +63 +64 +65 +66 +67 +68 +69 +70 +71 +72 +73 +74 +100 -103 +110 +124 +123 +89 -80 +102 -116 -83 -82 +115 +87 -118 -108 -109 -98 -125 +97 +92 +104 +112 -77 -75 -105 -94 -81 -106 +78 -114 +99 -90 +113 +111 +121 +107 -85 -122 -117 -88 -120 -91 -79 +93 +76 -96 -101 -84 +86 +95 -119)
(+1 +2 +3 +4 +5 +6 +7 +8 +9 +10 +11 +12 +13 +14 +15 +16 +17 +18 +19 +20 +21 +22 +23 +24 +25 +26 +27 +28 +29 +30 +31 +32 +33 +34 +35 +36 +37 +38 +39 +40 +41 +42 +43 +44 +45 +46 +47 +48 +49 +50 +51 +52 +53 +54 +55 +56 +57 +58 +59 +60 +61 +62 +63 +64 +65 +66 +67 +68 +69 +70 +71 +72 +73 +74 +75 +77 -112 -104 -92 -97 +125 +98 +109 +108 +118 -87 -115 +82 +83 +116 -102 +80 -89 -123 -124 -110 +103 -100 -105 -94 -81 -106 +78 -114 +99 -90 +113 +111 +121 +107 -85 -122 -117 -88 -120 -91 -79 +93 +76 -96 -101 -84 +86 +95 -119)
(+1 +2 +3 +4 +5 +6 +7 +8 +9 +10 +11 +12 +13 +14 +15 +16 +17 +18 +19 +20 +21 +22 +23 +24 +25 +26 +27 +28 +29 +30 +31 +32 +33 +34 +35 +36 +37 +38 +39 +40 +41 +42 +43 +44 +45 +46 +47 +48 +49 +50 +51 +52 +53 +54 +55 +56 +57 +58 +59 +60 +61 +62 +63 +64 +65 +66 +67 +68 +69 +70 +71 +72 +73 +74 +75 -76 -93 +79 +91 +120 +88 +117 +122 +85 -107 -121 -111 -113 +90 -99 +114 -78 +106 +81 +94 +105 +100 -103 +110 +124 +123 +89 -80 +102 -116 -83 -82 +115 +87 -118 -108 -109 -98 -125 +97 +92 +104 +112 -77 -96 -101 -84 +86 +95 -119)
(+1 +2 +3 +4 +5 +6 +7 +8 +9 +10 +11 +12 +13 +14 +15 +16 +17 +18 +19 +20 +21 +22 +23 +24 +25 +26 +27 +28 +29 +30 +31 +32 +33 +34 +35 +36 +37 +38 +39 +40 +41 +42 +43 +44 +45 +46 +47 +48 +49 +50 +51 +52 +53 +54 +55 +56 +57 +58 +59 +60 +61 +62 +63 +64 +65 +66 +67 +68 +69 +70 +71 +72 +73 +74 +75 +76 -93 +79 +91 +120 +88 +117 +122 +85 -107 -121 -111 -113 +90 -99 +114 -78 +106 +81 +94 +105 +100 -103 +110 +124 +123 +89 -80 +102 -116 -83 -82 +115 +87 -118 -108 -109 -98 -125 +97 +92 +104 +112 -77 -96 -101 -84 +86 +95 -119)
(+1 +2 +3 +4 +5 +6 +7 +8 +9 +10 +11 +12 +13 +14 +15 +16 +17 +18 +19 +20 +21 +22 +23 +24 +25 +26 +27 +28 +29 +30 +31 +32 +33 +34 +35 +36 +37 +38 +39 +40 +41 +42 +43 +44 +45 +46 +47 +48 +49 +50 +51 +52 +53 +54 +55 +56 +57 +58 +59 +60 +61 +62 +63 +64 +65 +66 +67 +68 +69 +70 +71 +72 +73 +74 +75 +76 +77 -112 -104 -92 -97 +125 +98 +109 +108 +118 -87 -115 +82 +83 +116 -102 +80 -89 -123 -124 -110 +103 -100 -105 -94 -81 -106 +78 -114 +99 -90 +113 +111 +121 +107 -85 -122 -117 -88 -120 -91 -79 +93 -96 -101 -84 +86 +95 -119)
(+1 +2 +3 +4 +5 +6 +7 +8 +9 +10 +11 +12 +13 +14 +15 +16 +17 +18 +19 +20 +21 +22 +23 +24 +25 +26 +27 +28 +29 +30 +31 +32 +33 +34 +35 +36 +37 +38 +39 +40 +41 +42 +43 +44 +45 +46 +47 +48 +49 +50 +51 +52 +53 +54 +55 +56 +57 +58 +59 +60 +61 +62 +63 +64 +65 +66 +67 +68 +69 +70 +71 +72 +73 +74 +75 +76 +77 -78 +106 +81 +94 +105 +100 -103 +110 +124 +123 +89 -80 +102 -116 -83 -82 +115 +87 -118 -108 -109 -98 -125 +97 +92 +104 +112 -114 +99 -90 +113 +111 +121 +107 -85 -122 -117 -88 -120 -91 -79 +93 -96 -101 -84 +86 +95 -119)
(+1 +2 +3 +4 +5 +6 +7 +8 +9 +10 +11 +12 +13 +14 +15 +16 +17 +18 +19 +20 +21 +22 +23 +24 +25 +26 +27 +28 +29 +30 +31 +32 +33 +34 +35 +36 +37 +38 +39 +40 +41 +42 +43 +44 +45 +46 +47 +48 +49 +50 +51 +52 +53 +54 +55 +56 +57 +58 +59 +60 +61 +62 +63 +64 +65 +66 +67 +68 +69 +70 +71 +72 +73 +74 +75 +76 +77 +78 +106 +81 +94 +105 +100 -103 +110 +124 +123 +89 -80 +102 -116 -83 -82 +115 +87 -118 -108 -109 -98 -125 +97 +92 +104 +112 -114 +99 -90 +113 +111 +121 +107 -85 -122 -117 -88 -120 -91 -79 +93 -96 -101 -84 +86 +95 -119)
(+1 +2 +3 +4 +5 +6 +7 +8 +9 +10 +11 +12 +13 +14 +15 +16 +17 +18 +19 +20 +21 +22 +23 +24 +25 +26 +27 +28 +29 +30 +31 +32 +33 +34 +35 +36 +37 +38 +39 +40 +41 +42 +43 +44 +45 +46 +47 +48 +49 +50 +51 +52 +53 +54 +55 +56 +57 +58 +59 +60 +61 +62 +63 +64 +65 +66 +67 +68 +69 +70 +71 +72 +73 +74 +75 +76 +77 +78 +79 +91 +120 +88 +117 +122 +85 -107 -121 -111 -113 +90 -99 +114 -112 -104 -92 -97 +125 +98 +109 +108 +118 -87 -115 +82 +83 +116 -102 +80 -89 -123 -124 -110 +103 -100 -105 -94 -81 -106 +93 -96 -101 -84 +86 +95 -119)
(+1 +2 +3 +4 +5 +6 +7 +8 +9 +10 +11 +12 +13 +14 +15 +16 +17 +18 +19 +20 +21 +22 +23 +24 +25 +26 +27 +28 +29 +30 +31 +32 +33 +34 +35 +36 +37 +38 +39 +40 +41 +42 +43 +44 +45 +46 +47 +48 +49 +50 +51 +52 +53 +54 +55 +56 +57 +58 +59 +60 +61 +62 +63 +64 +65 +66 +67 +68 +69 +70 +71 +72 +73 +74 +75 +76 +77 +78 +79 -80 +102 -116 -83 -82 +115 +87 -118 -108 -109 -98 -125 +97 +92 +104 +112 -114 +99 -90 +113 +111 +121 +107 -85 -122 -117 -88 -120 -91 -89 -123 -124 -110 +103 -100 -105 -94 -81 -106 +93 -96 -101 -84 +86 +95 -119)
(+1 +2 +3 +4 +5 +6 +7 +8 +9 +10 +11 +12 +13 +14 +15 +16 +17 +18 +19 +20 +21 +22 +23 +24 +25 +26 +27 +28 +29 +30 +31 +32 +33 +34 +35 +36 +37 +38 +39 +40 +41 +42 +43 +44 +45 +46 +47 +48 +49 +50 +51 +52 +53 +54 +55 +56 +57 +58 +59 +60 +61 +62 +63 +64 +65 +66 +67 +68 +69 +70 +71 +72 +73 +74 +75 +76 +77 +78 +79 +80 +102 -116 -83 -82 +115 +87 -118 -108 -109 -98 -125 +97 +92 +104 +112 -114 +99 -90 +113 +111 +121 +107 -85 -122 -117 -88 -120 -91 -89 -123 -124 -110 +103 -100 -105 -94 -81 -106 +93 -96 -101 -84 +86 +95 -119)
(+1 +2 +3 +4 +5 +6 +7 +8 +9 +10 +11 +12 +13 +14 +15 +16 +17 +18 +19 +20 +21 +22 +23 +24 +25 +26 +27 +28 +29 +30 +31 +32 +33 +34 +35 +36 +37 +38 +39 +40 +41 +42 +43 +44 +45 +46 +47 +48 +49 +50 +51 +52 +53 +54 +55 +56 +57 +58 +59 +60 +61 +62 +63 +64 +65 +66 +67 +68 +69 +70 +71 +72 +73 +74 +75 +76 +77 +78 +79 +80 +81 +94 +105 +100 -103 +110 +124 +123 +89 +91 +120 +88 +117 +122 +85 -107 -121 -111 -113 +90 -99 +114 -112 -104 -92 -97 +125 +98 +109 +108 +118 -87 -115 +82 +83 +116 -102 -106 +93 -96 -101 -84 +86 +95 -119)
(+1 +2 +3 +4 +5 +6 +7 +8 +9 +10 +11 +12 +13 +14 +15 +16 +17 +18 +19 +20 +21 +22 +23 +24 +25 +26 +27 +28 +29 +30 +31 +32 +33 +34 +35 +36 +37 +38 +39 +40 +41 +42 +43 +44 +45 +46 +47 +48 +49 +50 +51 +52 +53 +54 +55 +56 +57 +58 +59 +60 +61 +62 +63 +64 +65 +66 +67 +68 +69 +70 +71 +72 +73 +74 +75 +76 +77 +78 +79 +80 +81 -82 +115 +87 -118 -108 -109 -98 -125 +97 +92 +104 +112 -114 +99 -90 +113 +111 +121 +107 -85 -122 -117 -88 -120 -91 -89 -123 -124 -110 +103 -100 -105 -94 +83 +116 -102 -106 +93 -96 -101 -84 +86 +95 -119)
(+1 +2 +3 +4 +5 +6 +7 +8 +9 +10 +11 +12 +13 +14 +15 +16 +17 +18 +19 +20 +21 +22 +23 +24 +25 +26 +27 +28 +29 +30 +31 +32 +33 +34 +35 +36 +37 +38 +39 +40 +41 +42 +43 +44 +45 +46 +47 +48 +49 +50 +51 +52 +53 +54 +55 +56 +57 +58 +59 +60 +61 +62 +63 +64 +65 +66 +67 +68 +69 +70 +71 +72 +73 +74 +75 +76 +77 +78 +79 +80 +81 +82 +115 +87 -118 -108 -109 -98 -125 +97 +92 +104 +112 -114 +99 -90 +113 +111 +121 +107 -85 -122 -117 -88 -120 -91 -89 -123 -124 -110 +103 -100 -105 -94 +83 +116 -102 -106 +93 -96 -101 -84 +86 +95 -119)
(+1 +2 +3 +4 +5 +6 +7 +8 +9 +10 +11 +12 +13 +14 +15 +16 +17 +18 +19 +20 +21 +22 +23 +24 +25 +26 +27 +28 +29 +30 +31 +32 +33 +34 +35 +36 +37 +38 +39 +40 +41 +42 +43 +44 +45 +46 +47 +48 +49 +50 +51 +52 +53 +54 +55 +56 +57 +58 +59 +60 +61 +62 +63 +64 +65 +66 +67 +68 +69 +70 +71 +72 +73 +74 +75 +76 +77 +78 +79 +80 +81 +82 -83 +94 +105 +100 -103 +110 +124 +123 +89 +91 +120 +88 +117 +122 +85 -107 -121 -111 -113 +90 -99 +114 -112 -104 -92 -97 +125 +98 +109 +108 +118 -87 -115 +116 -102 -106 +93 -96 -101 -84 +86 +95 -119)
(+1 +2 +3 +4 +5 +6 +7 +8 +9 +10 +11 +12 +13 +14 +15 +16 +17 +18 +19 +20 +21 +22 +23 +24 +25 +26 +27 +28 +29 +30 +31 +32 +33 +34 +35 +36 +37 +38 +39 +40 +41 +42 +43 +44 +45 +46 +47 +48 +49 +50 +51 +52 +53 +54 +55 +56 +57 +58 +59 +60 +61 +62 +63 +64 +65 +66 +67 +68 +69 +70 +71 +72 +73 +74 +75 +76 +77 +78 +79 +80 +81 +82 +83 +94 +105 +100 -103 +110 +124 +123 +89 +91 +120 +88 +117 +122 +85 -107 -121 -111 -113 +90 -99 +114 -112 -104 -92 -97 +125 +98 +109 +108 +118 -87 -115 +116 -102 -106 +93 -96 -101 -84 +86 +95 -119)
(+1 +2 +3 +4 +5 +6 +7 +8 +9 +10 +11 +12 +13 +14 +15 +16 +17 +18 +19 +20 +21 +22 +23 +24 +25 +26 +27 +28 +29 +30 +31 +32 +33 +34 +35 +36 +37 +38 +39 +40 +41 +42 +43 +44 +45 +46 +47 +48 +49 +50 +51 +52 +53 +54 +55 +56 +57 +58 +59 +60 +61 +62 +63 +64 +65 +66 +67 +68 +69 +70 +71 +72 +73 +74 +75 +76 +77 +78 +79 +80 +81 +82 +83 +84 +101 +96 -93 +106 +102 -116 +115 +87 -118 -108 -109 -98 -125 +97 +92 +104 +112 -114 +99 -90 +113 +111 +121 +107 -85 -122 -117 -88 -120 -91 -89 -123 -124 -110 +103 -100 -105 -94 +86 +95 -119)
(+1 +2 +3 +4 +5 +6 +7 +8 +9 +10 +11 +12 +13 +14 +15 +16 +17 +18 +19 +20 +21 +22 +23 +24 +25 +26 +27 +28 +29 +30 +31 +32 +33 +34 +35 +36 +37 +38 +39 +40 +41 +42 +43 +44 +45 +46 +47 +48 +49 +50 +51 +52 +53 +54 +55 +56 +57 +58 +59 +60 +61 +62 +63 +64 +65 +66 +67 +68 +69 +70 +71 +72 +73 +74 +75 +76 +77 +78 +79 +80 +81 +82 +83 +84 +85 -107 -121 -111 -113 +90 -99 +114 -112 -104 -92 -97 +125 +98 +109 +108 +118 -87 -115 +116 -102 -106 +93 -96 -101 -122 -117 -88 -120 -91 -89 -123 -124 -110 +103 -100 -105 -94 +86 +95 -119)
(+1 +2 +3 +4 +5 +6 +7 +8 +9 +10 +11 +12 +13 +14 +15 +16 +17 +18 +19 +20 +21 +22 +23 +24 +25 +26 +27 +28 +29 +30 +31 +32 +33 +34 +35 +36 +37 +38 +39 +40 +41 +42 +43 +44 +45 +46 +47 +48 +49 +50 +51 +52 +53 +54 +55 +56 +57 +58 +59 +60 +61 +62 +63 +64 +65 +66 +67 +68 +69 +70 +71 +72 +73 +74 +75 +76 +77 +78 +79 +80 +81 +82 +83 +84 +85 -86 +94 +105 +100 -103 +110 +124 +123 +89 +91 +120 +88 +117 +122 +101 +96 -93 +106 +102 -116 +115 +87 -118 -108 -109 -98 -125 +97 +92 +104 +112 -114 +99 -90 +113 +111 +121 +107 +95 -119)
(+1 +2 +3 +4 +5 +6 +7 +8 +9 +10 +11 +12 +13 +14 +15 +16 +17 +18 +19 +20 +21 +22 +23 +24 +25 +26 +27 +28 +29 +30 +31 +32 +33 +34 +35 +36 +37 +38 +39 +40 +41 +42 +43 +44 +45 +46 +47 +48 +49 +50 +51 +52 +53 +54 +55 +56 +57 +58 +59 +60 +61 +62 +63 +64 +65 +66 +67 +68 +69 +70 +71 +72 +73 +74 +75 +76 +77 +78 +79 +80 +81 +82 +83 +84 +85 +86 +94 +105 +100 -103 +110 +124 +123 +89 +91 +120 +88 +117 +122 +101 +96 -93 +106 +102 -116 +115 +87 -118 -108 -109 -98 -125 +97 +92 +104 +112 -114 +99 -90 +113 +111 +121 +107 +95 -119)
(+1 +2 +3 +4 +5 +6 +7 +8 +9 +10 +11 +12 +13 +14 +15 +16 +17 +18 +19 +20 +21 +22 +23 +24 +25 +26 +27 +28 +29 +30 +31 +32 +33 +34 +35 +36 +37 +38 +39 +40 +41 +42 +43 +44 +45 +46 +47 +48 +49 +50 +51 +52 +53 +54 +55 +56 +57 +58 +59 +60 +61 +62 +63 +64 +65 +66 +67 +68 +69 +70 +71 +72 +73 +74 +75 +76 +77 +78 +79 +80 +81 +82 +83 +84 +85 +86 -87 -115 +116 -102 -106 +93 -96 -101 -122 -117 -88 -120 -91 -89 -123 -124 -110 +103 -100 -105 -94 -118 -108 -109 -98 -125 +97 +92 +104 +112 -114 +99 -90 +113 +111 +121 +107 +95 -119)
(+1 +2 +3 +4 +5 +6 +7 +8 +9 +10 +11 +12 +13 +14 +15 +16 +17 +18 +19 +20 +21 +22 +23 +24 +25 +26 +27 +28 +29 +30 +31 +32 +33 +34 +35 +36 +37 +38 +39 +40 +41 +42 +43 +44 +45 +46 +47 +48 +49 +50 +51 +52 +53 +54 +55 +56 +57 +58 +59 +60 +61 +62 +63 +64 +65 +66 +67 +68 +69 +70 +71 +72 +73 +74 +75 +76 +77 +78 +79 +80 +81 +82 +83 +84 +85 +86 +87 -115 +116 -102 -106 +93 -96 -101 -122 -117 -88 -120 -91 -89 -123 -124 -110 +103 -100 -105 -94 -118 -108 -109 -98 -125 +97 +92 +104 +112 -114 +99 -90 +113 +111 +121 +107 +95 -119)
(+1 +2 +3 +4 +5 +6 +7 +8 +9 +10 +11 +12 +13 +14 +15 +16 +17 +18 +19 +20 +21 +22 +23 +24 +25 +26 +27 +28 +29 +30 +31 +32 +33 +34 +35 +36 +37 +38 +39 +40 +41 +42 +43 +44 +45 +46 +47 +48 +49 +50 +51 +52 +53 +54 +55 +56 +57 +58 +59 +60 +61 +62 +63 +64 +65 +66 +67 +68 +69 +70 +71 +72 +73 +74 +75 +76 +77 +78 +79 +80 +81 +82 +83 +84 +85 +86 +87 +88 +117 +122 +101 +96 -93 +106 +102 -116 +115 -120 -91 -89 -123 -124 -110 +103 -100 -105 -94 -118 -108 -109 -98 -125 +97 +92 +104 +112 -114 +99 -90 +113 +111 +121 +107 +95 -119)
(+1 +2 +3 +4 +5 +6 +7 +8 +9 +10 +11 +12 +13 +14 +15 +16 +17 +18 +19 +20 +21 +22 +23 +24 +25 +26 +27 +28 +29 +30 +31 +32 +33 +34 +35 +36 +37 +38 +39 +40 +41 +42 +43 +44 +45 +46 +47 +48 +49 +50 +51 +52 +53 +54 +55 +56 +57 +58 +59 +60 +61 +62 +63 +64 +65 +66 +67 +68 +69 +70 +71 +72 +73 +74 +75 +76 +77 +78 +79 +80 +81 +82 +83 +84 +85 +86 +87 +88 +89 +91 +120 -115 +116 -102 -106 +93 -96 -101 -122 -117 -123 -124 -110 +103 -100 -105 -94 -118 -108 -109 -98 -125 +97 +92 +104 +112 -114 +99 -90 +113 +111 +121 +107 +95 -119)
(+1 +2 +3 +4 +5 +6 +7 +8 +9 +10 +11 +12 +13 +14 +15 +16 +17 +18 +19 +20 +21 +22 +23 +24 +25 +26 +27 +28 +29 +30 +31 +32 +33 +34 +35 +36 +37 +38 +39 +40 +41 +42 +43 +44 +45 +46 +47 +48 +49 +50 +51 +52 +53 +54 +55 +56 +57 +58 +59 +60 +61 +62 +63 +64 +65 +66 +67 +68 +69 +70 +71 +72 +73 +74 +75 +76 +77 +78 +79 +80 +81 +82 +83 +84 +85 +86 +87 +88 +89 +90 -99 +114 -112 -104 -92 -97 +125 +98 +109 +108 +118 +94 +105 +100 -103 +110 +124 +123 +117 +122 +101 +96 -93 +106 +102 -116 +115 -120 -91 +113 +111 +121 +107 +95 -119)
(+1 +2 +3 +4 +5 +6 +7 +8 +9 +10 +11 +12 +13 +14 +15 +16 +17 +18 +19 +20 +21 +22 +23 +24 +25 +26 +27 +28 +29 +30 +31 +32 +33 +34 +35 +36 +37 +38 +39 +40 +41 +42 +43 +44 +45 +46 +47 +48 +49 +50 +51 +52 +53 +54 +55 +56 +57 +58 +59 +60 +61 +62 +63 +64 +65 +66 +67 +68 +69 +70 +71 +72 +73 +74 +75 +76 +77 +78 +79 +80 +81 +82 +83 +84 +85 +86 +87 +88 +89 +90 +91 +120 -115 +116 -102 -106 +93 -96 -101 -122 -117 -123 -124 -110 +103 -100 -105 -94 -118 -108 -109 -98 -125 +97 +92 +104 +112 -114 +99 +113 +111 +121 +107 +95 -119)
(+1 +2 +3 +4 +5 +6 +7 +8 +9 +10 +11 +12 +13 +14 +15 +16 +17 +18 +19 +20 +21 +22 +23 +24 +25 +26 +27 +28 +29 +30 +31 +32 +33 +34 +35 +36 +37 +38 +39 +40 +41 +42 +43 +44 +45 +46 +47 +48 +49 +50 +51 +52 +53 +54 +55 +56 +57 +58 +59 +60 +61 +62 +63 +64 +65 +66 +67 +68 +69 +70 +71 +72 +73 +74 +75 +76 +77 +78 +79 +80 +81 +82 +83 +84 +85 +86 +87 +88 +89 +90 +91 -92 -97 +125 +98 +109 +108 +118 +94 +105 +100 -103 +110 +124 +123 +117 +122 +101 +96 -93 +106 +102 -116 +115 -120 +104 +112 -114 +99 +113 +111 +121 +107 +95 -119)
(+1 +2 +3 +4 +5 +6 +7 +8 +9 +10 +11 +12 +13 +14 +15 +16 +17 +18 +19 +20 +21 +22 +23 +24 +25 +26 +27 +28 +29 +30 +31 +32 +33 +34 +35 +36 +37 +38 +39 +40 +41 +42 +43 +44 +45 +46 +47 +48 +49 +50 +51 +52 +53 +54 +55 +56 +57 +58 +59 +60 +61 +62 +63 +64 +65 +66 +67 +68 +69 +70 +71 +72 +73 +74 +75 +76 +77 +78 +79 +80 +81 +82 +83 +84 +85 +86 +87 +88 +89 +90 +91 +92 -97 +125 +98 +109 +108 +118 +94 +105 +100 -103 +110 +124 +123 +117 +122 +101 +96 -93 +106 +102 -116 +115 -120 +104 +112 -114 +99 +113 +111 +121 +107 +95 -119)
(+1 +2 +3 +4 +5 +6 +7 +8 +9 +10 +11 +12 +13 +14 +15 +16 +17 +18 +19 +20 +21 +22 +23 +24 +25 +26 +27 +28 +29 +30 +31 +32 +33 +34 +35 +36 +37 +38 +39 +40 +41 +42 +43 +44 +45 +46 +47 +48 +49 +50 +51 +52 +53 +54 +55 +56 +57 +58 +59 +60 +61 +62 +63 +64 +65 +66 +67 +68 +69 +70 +71 +72 +73 +74 +75 +76 +77 +78 +79 +80 +81 +82 +83 +84 +85 +86 +87 +88 +89 +90 +91 +92 +93 -96 -101 -122 -117 -123 -124 -110 +103 -100 -105 -94 -118 -108 -109 -98 -125 +97 +106 +102 -116 +115 -120 +104 +112 -114 +99 +113 +111 +121 +107 +95 -119)
(+1 +2 +3 +4 +5 +6 +7 +8 +9 +10 +11 +12 +13 +14 +15 +16 +17 +18 +19 +20 +21 +22 +23 +24 +25 +26 +27 +28 +29 +30 +31 +32 +33 +34 +35 +36 +37 +38 +39 +40 +41 +42 +43 +44 +45 +46 +47 +48 +49 +50 +51 +52 +53 +54 +55 +56 +57 +58 +59 +60 +61 +62 +63 +64 +65 +66 +67 +68 +69 +70 +71 +72 +73 +74 +75 +76 +77 +78 +79 +80 +81 +82 +83 +84 +85 +86 +87 +88 +89 +90 +91 +92 +93 +94 +105 +100 -103 +110 +124 +123 +117 +122 +101 +96 -118 -108 -109 -98 -125 +97 +106 +102 -116 +115 -120 +104 +112 -114 +99 +113 +111 +121 +107 +95 -119)
(+1 +2 +3 +4 +5 +6 +7 +8 +9 +10 +11 +12 +13 +14 +15 +16 +17 +18 +19 +20 +21 +22 +23 +24 +25 +26 +27 +28 +29 +30 +31 +32 +33 +34 +35 +36 +37 +38 +39 +40 +41 +42 +43 +44 +45 +46 +47 +48 +49 +50 +51 +52 +53 +54 +55 +56 +57 +58 +59 +60 +61 +62 +63 +64 +65 +66 +67 +68 +69 +70 +71 +72 +73 +74 +75 +76 +77 +78 +79 +80 +81 +82 +83 +84 +85 +86 +87 +88 +89 +90 +91 +92 +93 +94 -95 -107 -121 -111 -113 -99 +114 -112 -104 +120 -115 +116 -102 -106 -97 +125 +98 +109 +108 +118 -96 -101 -122 -117 -123 -124 -110 +103 -100 -105 -119)
(+1 +2 +3 +4 +5 +6 +7 +8 +9 +10 +11 +12 +13 +14 +15 +16 +17 +18 +19 +20 +21 +22 +23 +24 +25 +26 +27 +28 +29 +30 +31 +32 +33 +34 +35 +36 +37 +38 +39 +40 +41 +42 +43 +44 +45 +46 +47 +48 +49 +50 +51 +52 +53 +54 +55 +56 +57 +58 +59 +60 +61 +62 +63 +64 +65 +66 +67 +68 +69 +70 +71 +72 +73 +74 +75 +76 +77 +78 +79 +80 +81 +82 +83 +84 +85 +86 +87 +88 +89 +90 +91 +92 +93 +94 +95 -107 -121 -111 -113 -99 +114 -112 -104 +120 -115 +116 -102 -106 -97 +125 +98 +109 +108 +118 -96 -101 -122 -117 -123 -124 -110 +103 -100 -105 -119)
(+1 +2 +3 +4 +5 +6 +7 +8 +9 +10 +11 +12 +13 +14 +15 +16 +17 +18 +19 +20 +21 +22 +23 +24 +25 +26 +27 +28 +29 +30 +31 +32 +33 +34 +35 +36 +37 +38 +39 +40 +41 +42 +43 +44 +45 +46 +47 +48 +49 +50 +51 +52 +53 +54 +55 +56 +57 +58 +59 +60 +61 +62 +63 +64 +65 +66 +67 +68 +69 +70 +71 +72 +73 +74 +75 +76 +77 +78 +79 +80 +81 +82 +83 +84 +85 +86 +87 +88 +89 +90 +91 +92 +93 +94 +95 +96 -118 -108 -109 -98 -125 +97 +106 +102 -116 +115 -120 +104 +112 -114 +99 +113 +111 +121 +107 -101 -122 -117 -123 -124 -110 +103 -100 -105 -119)
(+1 +2 +3 +4 +5 +6 +7 +8 +9 +10 +11 +12 +13 +14 +15 +16 +17 +18 +19 +20 +21 +22 +23 +24 +25 +26 +27 +28 +29 +30 +31 +32 +33 +34 +35 +36 +37 +38 +39 +40 +41 +42 +43 +44 +45 +46 +47 +48 +49 +50 +51 +52 +53 +54 +55 +56 +57 +58 +59 +60 +61 +62 +63 +64 +65 +66 +67 +68 +69 +70 +71 +72 +73 +74 +75 +76 +77 +78 +79 +80 +81 +82 +83 +84 +85 +86 +87 +88 +89 +90 +91 +92 +93 +94 +95 +96 -97 +125 +98 +109 +108 +118 +106 +102 -116 +115 -120 +104 +112 -114 +99 +113 +111 +121 +107 -101 -122 -117 -123 -124 -110 +103 -100 -105 -119)
(+1 +2 +3 +4 +5 +6 +7 +8 +9 +10 +11 +12 +13 +14 +15 +16 +17 +18 +19 +20 +21 +22 +23 +24 +25 +26 +27 +28 +29 +30 +31 +32 +33 +34 +35 +36 +37 +38 +39 +40 +41 +42 +43 +44 +45 +46 +47 +48 +49 +50 +51 +52 +53 +54 +55 +56 +57 +58 +59 +60 +61 +62 +63 +64 +65 +66 +67 +68 +69 +70 +71 +72 +73 +74 +75 +76 +77 +78 +79 +80 +81 +82 +83 +84 +85 +86 +87 +88 +89 +90 +91 +92 +93 +94 +95 +96 +97 +125 +98 +109 +108 +118 +106 +102 -116 +115 -120 +104 +112 -114 +99 +113 +111 +121 +107 -101 -122 -117 -123 -124 -110 +103 -100 -105 -119)
(+1 +2 +3 +4 +5 +6 +7 +8 +9 +10 +11 +12 +13 +14 +15 +16 +17 +18 +19 +20 +21 +22 +23 +24 +25 +26 +27 +28 +29 +30 +31 +32 +33 +34 +35 +36 +37 +38 +39 +40 +41 +42 +43 +44 +45 +46 +47 +48 +49 +50 +51 +52 +53 +54 +55 +56 +57 +58 +59 +60 +61 +62 +63 +64 +65 +66 +67 +68 +69 +70 +71 +72 +73 +74 +75 +76 +77 +78 +79 +80 +81 +82 +83 +84 +85 +86 +87 +88 +89 +90 +91 +92 +93 +94 +95 +96 +97 -98 -125 +109 +108 +118 +106 +102 -116 +115 -120 +104 +112 -114 +99 +113 +111 +121 +107 -101 -122 -117 -123 -124 -110 +103 -100 -105 -119)
(+1 +2 +3 +4 +5 +6 +7 +8 +9 +10 +11 +12 +13 +14 +15 +16 +17 +18 +19 +20 +21 +22 +23 +24 +25 +26 +27 +28 +29 +30 +31 +32 +33 +34 +35 +36 +37 +38 +39 +40 +41 +42 +43 +44 +45 +46 +47 +48 +49 +50 +51 +52 +53 +54 +55 +56 +57 +58 +59 +60 +61 +62 +63 +64 +65 +66 +67 +68 +69 +70 +71 +72 +73 +74 +75 +76 +77 +78 +79 +80 +81 +82 +83 +84 +85 +86 +87 +88 +89 +90 +91 +92 +93 +94 +95 +96 +97 +98 -125 +109 +108 +118 +106 +102 -116 +115 -120 +104 +112 -114 +99 +113 +111 +121 +107 -101 -122 -117 -123 -124 -110 +103 -100 -105 -119)
(+1 +2 +3 +4 +5 +6 +7 +8 +9 +10 +11 +12 +13 +14 +15 +16 +17 +18 +19 +20 +21 +22 +23 +24 +25 +26 +27 +28 +29 +30 +31 +32 +33 +34 +35 +36 +37 +38 +39 +40 +41 +42 +43 +44 +45 +46 +47 +48 +49 +50 +51 +52 +53 +54 +55 +56 +57 +58 +59 +60 +61 +62 +63 +64 +65 +66 +67 +68 +69 +70 +71 +72 +73 +74 +75 +76 +77 +78 +79 +80 +81 +82 +83 +84 +85 +86 +87 +88 +89 +90 +91 +92 +93 +94 +95 +96 +97 +98 -99 +114 -112 -104 +120 -115 +116 -102 -106 -118 -108 -109 +125 +113 +111 +121 +107 -101 -122 -117 -123 -124 -110 +103 -100 -105 -119)
(+1 +2 +3 +4 +5 +6 +7 +8 +9 +10 +11 +12 +13 +14 +15 +16 +17 +18 +19 +20 +21 +22 +23 +24 +25 +26 +27 +28 +29 +30 +31 +32 +33 +34 +35 +36 +37 +38 +39 +40 +41 +42 +43 +44 +45 +46 +47 +48 +49 +50 +51 +52 +53 +54 +55 +56 +57 +58 +59 +60 +61 +62 +63 +64 +65 +66 +67 +68 +69 +70 +71 +72 +73 +74 +75 +76 +77 +78 +79 +80 +81 +82 +83 +84 +85 +86 +87 +88 +89 +90 +91 +92 +93 +94 +95 +96 +97 +98 +99 +114 -112 -104 +120 -115 +116 -102 -106 -118 -108 -109 +125 +113 +111 +121 +107 -101 -122 -117 -123 -124 -110 +103 -100 -105 -119)
(+1 +2 +3 +4 +5 +6 +7 +8 +9 +10 +11 +12 +13 +14 +15 +16 +17 +18 +19 +20 +21 +22 +23 +24 +25 +26 +27 +28 +29 +30 +31 +32 +33 +34 +35 +36 +37 +38 +39 +40 +41 +42 +43 +44 +45 +46 +47 +48 +49 +50 +51 +52 +53 +54 +55 +56 +57 +58 +59 +60 +61 +62 +63 +64 +65 +66 +67 +68 +69 +70 +71 +72 +73 +74 +75 +76 +77 +78 +79 +80 +81 +82 +83 +84 +85 +86 +87 +88 +89 +90 +91 +92 +93 +94 +95 +96 +97 +98 +99 +100 -103 +110 +124 +123 +117 +122 +101 -107 -121 -111 -113 -125 +109 +108 +118 +106 +102 -116 +115 -120 +104 +112 -114 -105 -119)
(+1 +2 +3 +4 +5 +6 +7 +8 +9 +10 +11 +12 +13 +14 +15 +16 +17 +18 +19 +20 +21 +22 +23 +24 +25 +26 +27 +28 +29 +30 +31 +32 +33 +34 +35 +36 +37 +38 +39 +40 +41 +42 +43 +44 +45 +46 +47 +48 +49 +50 +51 +52 +53 +54 +55 +56 +57 +58 +59 +60 +61 +62 +63 +64 +65 +66 +67 +68 +69 +70 +71 +72 +73 +74 +75 +76 +77 +78 +79 +80 +81 +82 +83 +84 +85 +86 +87 +88 +89 +90 +91 +92 +93 +94 +95 +96 +97 +98 +99 +100 -101 -122 -117 -123 -124 -110 +103 -107 -121 -111 -113 -125 +109 +108 +118 +106 +102 -116 +115 -120 +104 +112 -114 -105 -119)
(+1 +2 +3 +4 +5 +6 +7 +8 +9 +10 +11 +12 +13 +14 +15 +16 +17 +18 +19 +20 +21 +22 +23 +24 +25 +26 +27 +28 +29 +30 +31 +32 +33 +34 +35 +36 +37 +38 +39 +40 +41 +42 +43 +44 +45 +46 +47 +48 +49 +50 +51 +52 +53 +54 +55 +56 +57 +58 +59 +60 +61 +62 +63 +64 +65 +66 +67 +68 +69 +70 +71 +72 +73 +74 +75 +76 +77 +78 +79 +80 +81 +82 +83 +84 +85 +86 +87 +88 +89 +90 +91 +92 +93 +94 +95 +96 +97 +98 +99 +100 +101 -122 -117 -123 -124 -110 +103 -107 -121 -111 -113 -125 +109 +108 +118 +106 +102 -116 +115 -120 +104 +112 -114 -105 -119)
(+1 +2 +3 +4 +5 +6 +7 +8 +9 +10 +11 +12 +13 +14 +15 +16 +17 +18 +19 +20 +21 +22 +23 +24 +25 +26 +27 +28 +29 +30 +31 +32 +33 +34 +35 +36 +37 +38 +39 +40 +41 +42 +43 +44 +45 +46 +47 +48 +49 +50 +51 +52 +53 +54 +55 +56 +57 +58 +59 +60 +61 +62 +63 +64 +65 +66 +67 +68 +69 +70 +71 +72 +73 +74 +75 +76 +77 +78 +79 +80 +81 +82 +83 +84 +85 +86 +87 +88 +89 +90 +91 +92 +93 +94 +95 +96 +97 +98 +99 +100 +101 -102 -106 -118 -108 -109 +125 +113 +111 +121 +107 -103 +110 +124 +123 +117 +122 -116 +115 -120 +104 +112 -114 -105 -119)
(+1 +2 +3 +4 +5 +6 +7 +8 +9 +10 +11 +12 +13 +14 +15 +16 +17 +18 +19 +20 +21 +22 +23 +24 +25 +26 +27 +28 +29 +30 +31 +32 +33 +34 +35 +36 +37 +38 +39 +40 +41 +42 +43 +44 +45 +46 +47 +48 +49 +50 +51 +52 +53 +54 +55 +56 +57 +58 +59 +60 +61 +62 +63 +64 +65 +66 +67 +68 +69 +70 +71 +72 +73 +74 +75 +76 +77 +78 +79 +80 +81 +82 +83 +84 +85 +86 +87 +88 +89 +90 +91 +92 +93 +94 +95 +96 +97 +98 +99 +100 +101 +102 -106 -118 -108 -109 +125 +113 +111 +121 +107 -103 +110 +124 +123 +117 +122 -116 +115 -120 +104 +112 -114 -105 -119)
(+1 +2 +3 +4 +5 +6 +7 +8 +9 +10 +11 +12 +13 +14 +15 +16 +17 +18 +19 +20 +21 +22 +23 +24 +25 +26 +27 +28 +29 +30 +31 +32 +33 +34 +35 +36 +37 +38 +39 +40 +41 +42 +43 +44 +45 +46 +47 +48 +49 +50 +51 +52 +53 +54 +55 +56 +57 +58 +59 +60 +61 +62 +63 +64 +65 +66 +67 +68 +69 +70 +71 +72 +73 +74 +75 +76 +77 +78 +79 +80 +81 +82 +83 +84 +85 +86 +87 +88 +89 +90 +91 +92 +93 +94 +95 +96 +97 +98 +99 +100 +101 +102 +103 -107 -121 -111 -113 -125 +109 +108 +118 +106 +110 +124 +123 +117 +122 -116 +115 -120 +104 +112 -114 -105 -119)
(+1 +2 +3 +4 +5 +6 +7 +8 +9 +10 +11 +12 +13 +14 +15 +16 +17 +18 +19 +20 +21 +22 +23 +24 +25 +26 +27 +28 +29 +30 +31 +32 +33 +34 +35 +36 +37 +38 +39 +40 +41 +42 +43 +44 +45 +46 +47 +48 +49 +50 +51 +52 +53 +54 +55 +56 +57 +58 +59 +60 +61 +62 +63 +64 +65 +66 +67 +68 +69 +70 +71 +72 +73 +74 +75 +76 +77 +78 +79 +80 +81 +82 +83 +84 +85 +86 +87 +88 +89 +90 +91 +92 +93 +94 +95 +96 +97 +98 +99 +100 +101 +102 +103 -104 +120 -115 +116 -122 -117 -123 -124 -110 -106 -118 -108 -109 +125 +113 +111 +121 +107 +112 -114 -105 -119)
(+1 +2 +3 +4 +5 +6 +7 +8 +9 +10 +11 +12 +13 +14 +15 +16 +17 +18 +19 +20 +21 +22 +23 +24 +25 +26 +27 +28 +29 +30 +31 +32 +33 +34 +35 +36 +37 +38 +39 +40 +41 +42 +43 +44 +45 +46 +47 +48 +49 +50 +51 +52 +53 +54 +55 +56 +57 +58 +59 +60 +61 +62 +63 +64 +65 +66 +67 +68 +69 +70 +71 +72 +73 +74 +75 +76 +77 +78 +79 +80 +81 +82 +83 +84 +85 +86 +87 +88 +89 +90 +91 +92 +93 +94 +95 +96 +97 +98 +99 +100 +101 +102 +103 +104 +120 -115 +116 -122 -117 -123 -124 -110 -106 -118 -108 -109 +125 +113 +111 +121 +107 +112 -114 -105 -119)
(+1 +2 +3 +4 +5 +6 +7 +8 +9 +10 +11 +12 +13 +14 +15 +16 +17 +18 +19 +20 +21 +22 +23 +24 +25 +26 +27 +28 +29 +30 +31 +32 +33 +34 +35 +36 +37 +38 +39 +40 +41 +42 +43 +44 +45 +46 +47 +48 +49 +50 +51 +52 +53 +54 +55 +56 +57 +58 +59 +60 +61 +62 +63 +64 +65 +66 +67 +68 +69 +70 +71 +72 +73 +74 +75 +76 +77 +78 +79 +80 +81 +82 +83 +84 +85 +86 +87 +88 +89 +90 +91 +92 +93 +94 +95 +96 +97 +98 +99 +100 +101 +102 +103 +104 +105 +114 -112 -107 -121 -111 -113 -125 +109 +108 +118 +106 +110 +124 +123 +117 +122 -116 +115 -120 -119)
(+1 +2 +3 +4 +5 +6 +7 +8 +9 +10 +11 +12 +13 +14 +15 +16 +17 +18 +19 +20 +21 +22 +23 +24 +25 +26 +27 +28 +29 +30 +31 +32 +33 +34 +35 +36 +37 +38 +39 +40 +41 +42 +43 +44 +45 +46 +47 +48 +49 +50 +51 +52 +53 +54 +55 +56 +57 +58 +59 +60 +61 +62 +63 +64 +65 +66 +67 +68 +69 +70 +71 +72 +73 +74 +75 +76 +77 +78 +79 +80 +81 +82 +83 +84 +85 +86 +87 +88 +89 +90 +91 +92 +93 +94 +95 +96 +97 +98 +99 +100 +101 +102 +103 +104 +105 -106 -118 -108 -109 +125 +113 +111 +121 +107 +112 -114 +110 +124 +123 +117 +122 -116 +115 -120 -119)
(+1 +2 +3 +4 +5 +6 +7 +8 +9 +10 +11 +12 +13 +14 +15 +16 +17 +18 +19 +20 +21 +22 +23 +24 +25 +26 +27 +28 +29 +30 +31 +32 +33 +34 +35 +36 +37 +38 +39 +40 +41 +42 +43 +44 +45 +46 +47 +48 +49 +50 +51 +52 +53 +54 +55 +56 +57 +58 +59 +60 +61 +62 +63 +64 +65 +66 +67 +68 +69 +70 +71 +72 +73 +74 +75 +76 +77 +78 +79 +80 +81 +82 +83 +84 +85 +86 +87 +88 +89 +90 +91 +92 +93 +94 +95 +96 +97 +98 +99 +100 +101 +102 +103 +104 +105 +106 -118 -108 -109 +125 +113 +111 +121 +107 +112 -114 +110 +124 +123 +117 +122 -116 +115 -120 -119)
(+1 +2 +3 +4 +5 +6 +7 +8 +9 +10 +11 +12 +13 +14 +15 +16 +17 +18 +19 +20 +21 +22 +23 +24 +25 +26 +27 +28 +29 +30 +31 +32 +33 +34 +35 +36 +37 +38 +39 +40 +41 +42 +43 +44 +45 +46 +47 +48 +49 +50 +51 +52 +53 +54 +55 +56 +57 +58 +59 +60 +61 +62 +63 +64 +65 +66 +67 +68 +69 +70 +71 +72 +73 +74 +75 +76 +77 +78 +79 +80 +81 +82 +83 +84 +85 +86 +87 +88 +89 +90 +91 +92 +93 +94 +95 +96 +97 +98 +99 +100 +101 +102 +103 +104 +105 +106 -107 -121 -111 -113 -125 +109 +108 +118 +112 -114 +110 +124 +123 +117 +122 -116 +115 -120 -119)
(+1 +2 +3 +4 +5 +6 +7 +8 +9 +10 +11 +12 +13 +14 +15 +16 +17 +18 +19 +20 +21 +22 +23 +24 +25 +26 +27 +28 +29 +30 +31 +32 +33 +34 +35 +36 +37 +38 +39 +40 +41 +42 +43 +44 +45 +46 +47 +48 +49 +50 +51 +52 +53 +54 +55 +56 +57 +58 +59 +60 +61 +62 +63 +64 +65 +66 +67 +68 +69 +70 +71 +72 +73 +74 +75 +76 +77 +78 +79 +80 +81 +82 +83 +84 +85 +86 +87 +88 +89 +90 +91 +92 +93 +94 +95 +96 +97 +98 +99 +100 +101 +102 +103 +104 +105 +106 +107 -121 -111 -113 -125 +109 +108 +118 +112 -114 +110 +124 +123 +117 +122 -116 +115 -120 -119)
(+1 +2 +3 +4 +5 +6 +7 +8 +9 +10 +11 +12 +13 +14 +15 +16 +17 +18 +19 +20 +21 +22 +23 +24 +25 +26 +27 +28 +29 +30 +31 +32 +33 +34 +35 +36 +37 +38 +39 +40 +41 +42 +43 +44 +45 +46 +47 +48 +49 +50 +51 +52 +53 +54 +55 +56 +57 +58 +59 +60 +61 +62 +63 +64 +65 +66 +67 +68 +69 +70 +71 +72 +73 +74 +75 +76 +77 +78 +79 +80 +81 +82 +83 +84 +85 +86 +87 +88 +89 +90 +91 +92 +93 +94 +95 +96 +97 +98 +99 +100 +101 +102 +103 +104 +105 +106 +107 -108 -109 +125 +113 +111 +121 +118 +112 -114 +110 +124 +123 +117 +122 -116 +115 -120 -119)
(+1 +2 +3 +4 +5 +6 +7 +8 +9 +10 +11 +12 +13 +14 +15 +16 +17 +18 +19 +20 +21 +22 +23 +24 +25 +26 +27 +28 +29 +30 +31 +32 +33 +34 +35 +36 +37 +38 +39 +40 +41 +42 +43 +44 +45 +46 +47 +48 +49 +50 +51 +52 +53 +54 +55 +56 +57 +58 +59 +60 +61 +62 +63 +64 +65 +66 +67 +68 +69 +70 +71 +72 +73 +74 +75 +76 +77 +78 +79 +80 +81 +82 +83 +84 +85 +86 +87 +88 +89 +90 +91 +92 +93 +94 +95 +96 +97 +98 +99 +100 +101 +102 +103 +104 +105 +106 +107 +108 -109 +125 +113 +111 +121 +118 +112 -114 +110 +124 +123 +117 +122 -116 +115 -120 -119)
(+1 +2 +3 +4 +5 +6 +7 +8 +9 +10 +11 +12 +13 +14 +15 +16 +17 +18 +19 +20 +21 +22 +23 +24 +25 +26 +27 +28 +29 +30 +31 +32 +33 +34 +35 +36 +37 +38 +39 +40 +41 +42 +43 +44 +45 +46 +47 +48 +49 +50 +51 +52 +53 +54 +55 +56 +57 +58 +59 +60 +61 +62 +63 +64 +65 +66 +67 +68 +69 +70 +71 +72 +73 +74 +75 +76 +77 +78 +79 +80 +81 +82 +83 +84 +85 +86 +87 +88 +89 +90 +91 +92 +93 +94 +95 +96 +97 +98 +99 +100 +101 +102 +103 +104 +105 +106 +107 +108 +109 +125 +113 +111 +121 +118 +112 -114 +110 +124 +123 +117 +122 -116 +115 -120 -119)
(+1 +2 +3 +4 +5 +6 +7 +8 +9 +10 +11 +12 +13 +14 +15 +16 +17 +18 +19 +20 +21 +22 +23 +24 +25 +26 +27 +28 +29 +30 +31 +32 +33 +34 +35 +36 +37 +38 +39 +40 +41 +42 +43 +44 +45 +46 +47 +48 +49 +50 +51 +52 +53 +54 +55 +56 +57 +58 +59 +60 +61 +62 +63 +64 +65 +66 +67 +68 +69 +70 +71 +72 +73 +74 +75 +76 +77 +78 +79 +80 +81 +82 +83 +84 +85 +86 +87 +88 +89 +90 +91 +92 +93 +94 +95 +96 +97 +98 +99 +100 +101 +102 +103 +104 +105 +106 +107 +108 +109 -110 +114 -112 -118 -121 -111 -113 -125 +124 +123 +117 +122 -116 +115 -120 -119)
(+1 +2 +3 +4 +5 +6 +7 +8 +9 +10 +11 +12 +13 +14 +15 +16 +17 +18 +19 +20 +21 +22 +23 +24 +25 +26 +27 +28 +29 +30 +31 +32 +33 +34 +35 +36 +37 +38 +39 +40 +41 +42 +43 +44 +45 +46 +47 +48 +49 +50 +51 +52 +53 +54 +55 +56 +57 +58 +59 +60 +61 +62 +63 +64 +65 +66 +67 +68 +69 +70 +71 +72 +73 +74 +75 +76 +77 +78 +79 +80 +81 +82 +83 +84 +85 +86 +87 +88 +89 +90 +91 +92 +93 +94 +95 +96 +97 +98 +99 +100 +101 +102 +103 +104 +105 +106 +107 +108 +109 +110 +114 -112 -118 -121 -111 -113 -125 +124 +123 +117 +122 -116 +115 -120 -119)
(+1 +2 +3 +4 +5 +6 +7 +8 +9 +10 +11 +12 +13 +14 +15 +16 +17 +18 +19 +20 +21 +22 +23 +24 +25 +26 +27 +28 +29 +30 +31 +32 +33 +34 +35 +36 +37 +38 +39 +40 +41 +42 +43 +44 +45 +46 +47 +48 +49 +50 +51 +52 +53 +54 +55 +56 +57 +58 +59 +60 +61 +62 +63 +64 +65 +66 +67 +68 +69 +70 +71 +72 +73 +74 +75 +76 +77 +78 +79 +80 +81 +82 +83 +84 +85 +86 +87 +88 +89 +90 +91 +92 +93 +94 +95 +96 +97 +98 +99 +100 +101 +102 +103 +104 +105 +106 +107 +108 +109 +110 +111 +121 +118 +112 -114 -113 -125 +124 +123 +117 +122 -116 +115 -120 -119)
(+1 +2 +3 +4 +5 +6 +7 +8 +9 +10 +11 +12 +13 +14 +15 +16 +17 +18 +19 +20 +21 +22 +23 +24 +25 +26 +27 +28 +29 +30 +31 +32 +33 +34 +35 +36 +37 +38 +39 +40 +41 +42 +43 +44 +45 +46 +47 +48 +49 +50 +51 +52 +53 +54 +55 +56 +57 +58 +59 +60 +61 +62 +63 +64 +65 +66 +67 +68 +69 +70 +71 +72 +73 +74 +75 +76 +77 +78 +79 +80 +81 +82 +83 +84 +85 +86 +87 +88 +89 +90 +91 +92 +93 +94 +95 +96 +97 +98 +99 +100 +101 +102 +103 +104 +105 +106 +107 +108 +109 +110 +111 -112 -118 -121 -114 -113 -125 +124 +123 +117 +122 -116 +115 -120 -119)
(+1 +2 +3 +4 +5 +6 +7 +8 +9 +10 +11 +12 +13 +14 +15 +16 +17 +18 +19 +20 +21 +22 +23 +24 +25 +26 +27 +28 +29 +30 +31 +32 +33 +34 +35 +36 +37 +38 +39 +40 +41 +42 +43 +44 +45 +46 +47 +48 +49 +50 +51 +52 +53 +54 +55 +56 +57 +58 +59 +60 +61 +62 +63 +64 +65 +66 +67 +68 +69 +70 +71 +72 +73 +74 +75 +76 +77 +78 +79 +80 +81 +82 +83 +84 +85 +86 +87 +88 +89 +90 +91 +92 +93 +94 +95 +96 +97 +98 +99 +100 +101 +102 +103 +104 +105 +106 +107 +108 +109 +110 +111 +112 -118 -121 -114 -113 -125 +124 +123 +117 +122 -116 +115 -120 -119)
(+1 +2 +3 +4 +5 +6 +7 +8 +9 +10 +11 +12 +13 +14 +15 +16 +17 +18 +19 +20 +21 +22 +23 +24 +25 +26 +27 +28 +29 +30 +31 +32 +33 +34 +35 +36 +37 +38 +39 +40 +41 +42 +43 +44 +45 +46 +47 +48 +49 +50 +51 +52 +53 +54 +55 +56 +57 +58 +59 +60 +61 +62 +63 +64 +65 +66 +67 +68 +69 +70 +71 +72 +73 +74 +75 +76 +77 +78 +79 +80 +81 +82 +83 +84 +85 +86 +87 +88 +89 +90 +91 +92 +93 +94 +95 +96 +97 +98 +99 +100 +101 +102 +103 +104 +105 +106 +107 +108 +109 +110 +111 +112 +113 +114 +121 +118 -125 +124 +123 +117 +122 -116 +115 -120 -119)
(+1 +2 +3 +4 +5 +6 +7 +8 +9 +10 +11 +12 +13 +14 +15 +16 +17 +18 +19 +20 +21 +22 +23 +24 +25 +26 +27 +28 +29 +30 +31 +32 +33 +34 +35 +36 +37 +38 +39 +40 +41 +42 +43 +44 +45 +46 +47 +48 +49 +50 +51 +52 +53 +54 +55 +56 +57 +58 +59 +60 +61 +62 +63 +64 +65 +66 +67 +68 +69 +70 +71 +72 +73 +74 +75 +76 +77 +78 +79 +80 +81 +82 +83 +84 +85 +86 +87 +88 +89 +90 +91 +92 +93 +94 +95 +96 +97 +98 +99 +100 +101 +102 +103 +104 +105 +106 +107 +108 +109 +110 +111 +112 +113 +114 -115 +116 -122 -117 -123 -124 +125 -118 -121 -120 -119)
(+1 +2 +3 +4 +5 +6 +7 +8 +9 +10 +11 +12 +13 +14 +15 +16 +17 +18 +19 +20 +21 +22 +23 +24 +25 +26 +27 +28 +29 +30 +31 +32 +33 +34 +35 +36 +37 +38 +39 +40 +41 +42 +43 +44 +45 +46 +47 +48 +49 +50 +51 +52 +53 +54 +55 +56 +57 +58 +59 +60 +61 +62 +63 +64 +65 +66 +67 +68 +69 +70 +71 +72 +73 +74 +75 +76 +77 +78 +79 +80 +81 +82 +83 +84 +85 +86 +87 +88 +89 +90 +91 +92 +93 +94 +95 +96 +97 +98 +99 +100 +101 +102 +103 +104 +105 +106 +107 +108 +109 +110 +111 +112 +113 +114 +115 +116 -122 -117 -123 -124 +125 -118 -121 -120 -119)
(+1 +2 +3 +4 +5 +6 +7 +8 +9 +10 +11 +12 +13 +14 +15 +16 +17 +18 +19 +20 +21 +22 +23 +24 +25 +26 +27 +28 +29 +30 +31 +32 +33 +34 +35 +36 +37 +38 +39 +40 +41 +42 +43 +44 +45 +46 +47 +48 +49 +50 +51 +52 +53 +54 +55 +56 +57 +58 +59 +60 +61 +62 +63 +64 +65 +66 +67 +68 +69 +70 +71 +72 +73 +74 +75 +76 +77 +78 +79 +80 +81 +82 +83 +84 +85 +86 +87 +88 +89 +90 +91 +92 +93 +94 +95 +96 +97 +98 +99 +100 +101 +102 +103 +104 +105 +106 +107 +108 +109 +110 +111 +112 +113 +114 +115 +116 +117 +122 -123 -124 +125 -118 -121 -120 -119)
(+1 +2 +3 +4 +5 +6 +7 +8 +9 +10 +11 +12 +13 +14 +15 +16 +17 +18 +19 +20 +21 +22 +23 +24 +25 +26 +27 +28 +29 +30 +31 +32 +33 +34 +35 +36 +37 +38 +39 +40 +41 +42 +43 +44 +45 +46 +47 +48 +49 +50 +51 +52 +53 +54 +55 +56 +57 +58 +59 +60 +61 +62 +63 +64 +65 +66 +67 +68 +69 +70 +71 +72 +73 +74 +75 +76 +77 +78 +79 +80 +81 +82 +83 +84 +85 +86 +87 +88 +89 +90 +91 +92 +93 +94 +95 +96 +97 +98 +99 +100 +101 +102 +103 +104 +105 +106 +107 +108 +109 +110 +111 +112 +113 +114 +115 +116 +117 +118 -125 +124 +123 -122 -121 -120 -119)
(+1 +2 +3 +4 +5 +6 +7 +8 +9 +10 +11 +12 +13 +14 +15 +16 +17 +18 +19 +20 +21 +22 +23 +24 +25 +26 +27 +28 +29 +30 +31 +32 +33 +34 +35 +36 +37 +38 +39 +40 +41 +42 +43 +44 +45 +46 +47 +48 +49 +50 +51 +52 +53 +54 +55 +56 +57 +58 +59 +60 +61 +62 +63 +64 +65 +66 +67 +68 +69 +70 +71 +72 +73 +74 +75 +76 +77 +78 +79 +80 +81 +82 +83 +84 +85 +86 +87 +88 +89 +90 +91 +92 +93 +94 +95 +96 +97 +98 +99 +100 +101 +102 +103 +104 +105 +106 +107 +108 +109 +110 +111 +112 +113 +114 +115 +116 +117 +118 +119 +120 +121 +122 -123 -124 +125)
(+1 +2 +3 +4 +5 +6 +7 +8 +9 +10 +11 +12 +13 +14 +15 +16 +17 +18 +19 +20 +21 +22 +23 +24 +25 +26 +27 +28 +29 +30 +31 +32 +33 +34 +35 +36 +37 +38 +39 +40 +41 +42 +43 +44 +45 +46 +47 +48 +49 +50 +51 +52 +53 +54 +55 +56 +57 +58 +59 +60 +61 +62 +63 +64 +65 +66 +67 +68 +69 +70 +71 +72 +73 +74 +75 +76 +77 +78 +79 +80 +81 +82 +83 +84 +85 +86 +87 +88 +89 +90 +91 +92 +93 +94 +95 +96 +97 +98 +99 +100 +101 +102 +103 +104 +105 +106 +107 +108 +109 +110 +111 +112 +113 +114 +115 +116 +117 +118 +119 +120 +121 +122 +123 -124 +125)
(+1 +2 +3 +4 +5 +6 +7 +8 +9 +10 +11 +12 +13 +14 +15 +16 +17 +18 +19 +20 +21 +22 +23 +24 +25 +26 +27 +28 +29 +30 +31 +32 +33 +34 +35 +36 +37 +38 +39 +40 +41 +42 +43 +44 +45 +46 +47 +48 +49 +50 +51 +52 +53 +54 +55 +56 +57 +58 +59 +60 +61 +62 +63 +64 +65 +66 +67 +68 +69 +70 +71 +72 +73 +74 +75 +76 +77 +78 +79 +80 +81 +82 +83 +84 +85 +86 +87 +88 +89 +90 +91 +92 +93 +94 +95 +96 +97 +98 +99 +100 +101 +102 +103 +104 +105 +106 +107 +108 +109 +110 +111 +112 +113 +114 +115 +116 +117 +118 +119 +120 +121 +122 +123 +124 +125)
