1000 9887
546 7
547 802
734 864
642 530
220 522
186 662
323 130
375 174
285 194
59 511
508 344
133 30
432 649
901 25
647 549
519 934
717 801
811 292
350 893
532 394
401 120
565 943
438 956
740 277
214 183
62 377
753 998
863 105
334 857
254 334
977 734
657 216
783 424
71 138
255 505
679 587
667 387
795 118
390 814
652 469
726 674
883 817
403 805
154 485
505 399
70 81
254 306
438 981
166 580
460 865
362 138
992 870
629 127
813 264
904 572
562 8
14 939
788 954
202 651
541 938
409 112
569 845
490 142
501 621
757 332
831 757
580 459
381 104
998 249
360 317
33 649
968 60
471 91
293 855
811 934
629 947
634 987
747 584
861 10
324 303
328 810
495 454
428 509
765 36
267 953
169 763
336 100
7 955
376 677
152 285
6 369
462 599
551 143
809 564
636 21
817 725
990 516
699 745
792 437
284 17
285 968
920 430
217 50
308 415
167 484
908 670
375 321
507 969
277 825
459 938
834 210
270 915
363 278
442 747
874 662
984 106
765 827
550 393
412 396
829 94
813 569
631 854
524 556
913 369
31 524
376 657
934 955
421 732
117 77
356 999
782 767
166 883
188 168
409 173
581 335
491 793
992 770
168 324
443 90
338 140
999 65
953 665
774 601
521 383
706 424
270 904
86 264
44 205
647 177
837 408
830 147
327 830
491 721
680 477
573 654
813 159
686 343
687 878
559 630
662 460
279 884
668 925
926 465
603 356
342 264
91 8
937 824
699 841
941 652
780 526
547 877
810 154
384 839
693 140
678 592
882 247
683 490
613 101
402 354
587 534
402 998
555 52
445 836
891 252
108 642
56 29
575 398
854 83
164 515
64 623
61 901
43 646
446 705
969 948
680 545
809 835
517 402
982 107
374 103
912 596
929 618
71 189
184 415
351 861
961 185
579 758
931 577
314 581
624 44
454 489
114 834
524 679
193 625
311 129
701 793
443 9
960 157
418 713
591 448
538 246
244 203
738 788
45 998
980 327
265 955
379 868
675 307
969 210
128 990
111 677
140 781
125 457
435 891
20 843
849 405
685 39
172 126
345 854
881 772
909 29
755 799
388 678
102 842
169 259
417 210
203 737
76 625
42 545
849 183
369 767
543 447
30 6
388 941
864 788
101 852
380 78
695 385
110 163
39 93
439 711
445 902
386 460
983 394
472 540
695 566
733 767
599 218
802 312
514 389
972 1000
132 231
830 410
337 551
125 704
75 503
22 722
834 120
375 408
674 977
325 611
143 278
660 684
437 629
919 433
673 303
670 979
678 56
610 834
458 215
973 756
136 431
351 916
640 975
758 485
320 11
636 513
752 14
450 21
611 197
923 318
287 40
469 535
92 726
369 675
524 843
136 540
1000 859
508 646
235 198
418 634
1 386
37 452
116 323
154 160
266 550
267 323
514 192
864 261
993 103
922 173
561 347
75 327
367 291
738 405
405 66
244 94
1 221
514 202
595 245
64 635
547 118
894 387
508 330
8 830
427 948
120 322
585 280
20 77
595 979
623 251
798 212
177 542
141 955
224 607
243 301
855 114
768 54
492 628
453 778
850 654
356 219
312 97
310 572
318 27
217 932
180 88
647 548
545 38
32 479
160 4
881 78
735 383
757 723
61 860
998 971
721 551
640 747
679 356
244 681
212 335
378 51
80 323
14 509
986 946
145 114
574 149
231 803
744 736
69 467
628 838
189 980
943 49
946 247
433 264
277 631
739 308
960 39
248 505
908 831
491 175
629 461
995 751
889 112
687 173
340 312
912 201
278 752
166 724
645 188
71 713
663 261
353 812
415 204
372 239
103 329
879 728
242 687
574 55
708 400
125 98
381 216
903 73
210 288
394 43
842 685
223 570
59 717
941 679
923 932
543 375
46 949
565 715
17 813
631 25
110 232
829 838
974 273
578 582
942 604
708 197
447 179
711 678
68 676
29 600
369 483
170 212
265 56
194 206
985 745
769 760
717 351
177 380
313 292
96 660
939 168
195 877
483 530
251 112
983 291
548 844
161 729
312 859
66 730
378 228
916 974
349 598
464 517
122 225
821 983
859 804
536 362
38 483
888 920
620 730
139 696
584 869
288 418
100 726
18 887
207 345
689 746
227 695
17 181
914 445
615 765
986 365
283 278
191 929
106 991
234 502
879 824
805 165
58 560
684 954
400 985
384 510
831 778
407 766
97 466
573 871
338 28
614 711
344 693
309 685
827 560
443 315
997 752
62 622
751 449
722 73
188 749
64 931
963 305
266 163
450 388
875 621
897 67
772 873
664 882
82 315
934 905
180 331
954 903
6 48
279 996
104 942
72 332
655 912
917 516
333 347
800 592
907 660
307 576
713 709
646 88
902 137
105 405
90 483
820 958
423 831
848 516
708 991
739 515
109 86
271 251
830 78
578 511
104 37
9 936
906 422
711 313
752 438
109 743
330 871
493 729
296 299
630 314
354 97
504 590
829 496
653 228
924 292
90 644
359 321
383 79
884 544
500 297
231 139
253 591
334 729
3 66
386 70
773 618
634 122
63 399
878 769
754 819
577 746
649 677
339 203
950 696
607 466
221 179
466 58
853 574
430 865
487 336
953 692
805 955
699 424
956 313
908 436
488 941
253 243
453 465
127 654
847 129
409 859
581 981
528 239
234 192
605 466
272 557
76 739
337 201
765 137
806 262
917 164
729 539
870 332
266 470
16 689
137 323
891 460
764 822
12 645
417 51
509 685
221 857
815 719
229 830
700 172
454 733
77 890
583 560
553 997
185 297
29 360
506 375
752 579
949 311
865 804
489 850
27 331
928 254
624 653
234 969
143 273
754 256
592 171
60 497
655 2
65 45
122 182
263 984
404 795
746 923
868 415
77 587
299 908
32 769
52 716
914 227
199 879
494 857
481 398
175 134
586 315
783 455
1 155
758 21
981 917
908 788
66 595
213 928
306 194
549 6
509 457
808 128
662 879
44 86
240 146
905 734
309 850
456 314
900 810
230 508
585 195
362 204
257 168
724 242
381 733
166 131
930 654
976 735
331 968
480 398
447 730
943 705
200 29
201 292
119 754
319 284
733 798
334 251
945 822
162 56
950 1
419 603
992 375
153 369
410 826
488 54
107 860
860 310
882 346
185 250
811 858
998 396
525 788
304 268
872 491
691 945
454 569
21 582
209 430
66 465
203 200
406 943
416 127
184 139
956 633
739 891
192 662
320 475
339 617
787 209
769 814
130 596
978 880
902 514
936 480
108 489
571 771
623 570
551 297
197 590
131 162
429 927
117 341
777 372
78 158
160 338
535 277
207 324
120 598
100 660
874 707
585 524
571 737
404 760
294 572
723 922
984 430
143 809
40 6
258 69
171 812
939 838
136 569
318 338
253 1000
952 699
240 765
760 260
978 327
672 586
589 735
345 627
996 807
7 352
154 820
50 965
694 442
325 333
475 368
556 447
641 351
551 756
399 635
794 375
651 162
584 159
837 307
695 181
57 257
851 491
428 360
297 355
38 747
183 502
186 342
538 739
246 846
963 114
820 521
656 538
161 156
968 796
931 400
391 409
703 892
950 271
958 778
962 345
790 268
293 745
518 466
246 667
247 118
123 76
342 174
180 61
881 408
621 535
147 940
422 86
354 376
407 486
389 791
311 326
449 84
804 842
237 461
332 295
339 517
788 751
324 60
969 926
661 780
703 385
563 274
986 401
696 177
255 270
847 586
5 761
852 828
943 103
44 536
1 702
175 503
923 137
444 62
728 113
696 399
666 299
244 979
5 923
714 31
652 217
287 182
344 920
58 650
978 299
372 46
762 370
603 954
982 887
75 681
810 812
650 601
23 969
12 350
306 639
895 259
788 719
721 612
665 522
745 366
102 989
305 317
840 52
382 317
148 221
242 720
171 724
499 195
417 308
769 31
592 614
849 329
43 286
9 386
172 186
780 953
929 337
488 255
328 840
814 616
967 845
56 850
479 816
850 708
797 459
798 956
836 375
454 758
436 101
39 8
132 382
647 329
12 960
859 419
77 806
467 688
99 370
318 208
251 31
179 298
218 332
950 565
147 968
440 190
521 251
575 392
703 199
541 232
155 341
431 384
179 347
489 791
424 66
437 543
576 709
114 700
846 757
877 225
75 43
459 840
5 332
958 354
620 261
88 910
905 455
213 794
162 796
582 287
387 405
62 529
611 332
252 871
115 661
334 689
926 853
148 701
130 64
236 706
708 356
573 349
331 862
372 2
465 736
282 310
361 279
182 263
867 753
192 471
289 707
567 144
842 433
111 788
6 864
780 895
603 676
675 19
954 70
96 162
584 985
852 948
285 296
927 137
286 3
180 514
931 330
275 750
516 976
626 929
932 608
712 937
77 23
617 806
214 336
911 298
146 656
627 505
220 545
539 875
594 274
229 829
11 454
712 345
34 829
588 500
988 574
75 210
461 410
337 660
446 54
158 394
752 757
610 655
609 800
613 1000
854 2
331 67
890 478
891 11
916 834
290 996
78 895
244 405
437 996
113 92
687 964
65 477
672 99
395 716
696 361
899 844
287 690
963 223
597 55
729 231
549 948
217 443
331 399
616 623
620 15
417 854
718 644
41 886
904 692
46 1
787 737
573 240
33 313
560 689
614 452
904 515
221 367
600 146
729 562
841 168
131 658
970 208
966 336
92 101
590 783
438 8
370 466
872 528
409 822
29 741
157 953
471 176
272 522
127 562
384 116
278 528
135 505
980 682
251 554
965 442
219 8
371 885
157 242
678 351
953 147
556 24
684 229
423 19
891 491
765 398
252 39
163 558
21 724
354 627
925 126
267 636
143 33
552 798
229 930
234 776
860 708
342 242
346 753
631 184
653 566
855 944
749 77
587 318
919 803
653 46
429 551
675 851
994 391
800 816
192 949
355 323
451 896
514 638
217 358
723 526
257 719
700 341
402 496
465 876
852 136
50 446
748 41
882 658
112 203
240 784
738 115
832 244
460 781
378 755
232 896
302 24
144 214
59 293
336 878
499 682
649 659
745 710
11 646
174 86
379 960
783 760
54 760
225 142
101 563
562 7
579 240
323 177
288 836
754 971
295 599
315 125
84 804
528 10
572 835
280 835
599 634
266 826
429 286
214 732
698 793
718 348
171 747
74 968
965 269
380 803
785 671
185 827
29 890
410 748
655 730
842 683
510 565
569 77
561 769
731 241
897 263
167 93
579 421
34 391
525 823
820 953
697 178
527 306
655 873
492 489
610 708
521 333
740 71
189 455
315 884
997 368
284 509
105 584
488 320
821 130
364 819
290 586
437 649
55 846
8 487
393 339
666 884
223 9
391 702
402 306
138 711
662 603
633 729
939 630
947 99
403 378
4 288
942 298
778 779
435 420
365 731
41 829
425 670
559 39
943 836
529 16
823 402
967 175
249 947
158 535
953 813
845 711
755 294
188 794
944 664
562 43
766 347
936 844
205 761
757 444
443 204
923 582
600 505
733 163
136 444
115 244
72 1
897 976
182 90
612 10
538 802
82 422
814 655
581 896
730 586
480 284
833 835
405 858
635 731
393 802
980 738
603 377
695 265
203 599
37 943
100 469
677 931
513 898
72 334
589 151
539 910
295 12
722 504
673 196
565 862
324 556
752 382
96 707
890 729
564 410
308 88
536 293
954 598
716 962
905 10
964 917
247 85
708 985
433 825
341 144
624 532
307 864
859 351
636 856
455 104
609 884
259 645
164 526
91 614
476 744
611 383
42 174
947 929
86 319
749 21
587 454
494 720
188 267
833 90
691 420
286 904
602 265
347 958
830 825
944 888
62 391
9 537
438 630
791 950
95 325
761 281
597 899
400 25
701 933
387 293
642 309
866 855
245 394
652 254
619 117
322 901
572 37
386 358
723 179
563 858
550 628
742 460
555 683
936 951
614 138
858 616
470 626
487 560
56 674
185 770
104 750
329 253
823 811
437 156
898 414
133 755
595 824
229 90
746 308
877 606
181 231
756 365
977 8
996 316
780 557
530 664
677 839
648 595
884 457
133 917
392 273
104 27
659 309
398 267
661 399
539 53
603 144
494 291
669 276
711 398
41 296
777 124
887 73
924 245
748 913
394 692
298 960
403 702
423 515
989 808
820 325
143 640
574 252
903 990
904 968
340 210
657 240
86 458
644 10
852 885
420 440
107 214
967 356
738 108
478 307
170 512
836 673
47 442
680 66
88 633
348 843
975 627
27 806
931 873
896 741
827 799
844 983
67 898
417 695
189 426
420 302
855 215
262 441
944 672
289 637
932 449
241 868
426 702
619 383
417 401
431 349
206 21
137 562
653 490
858 588
327 771
439 125
572 670
102 196
25 837
559 896
529 693
215 78
954 970
186 432
115 458
760 789
501 941
245 851
815 540
858 366
522 196
87 490
362 529
237 931
458 848
185 248
756 321
263 485
747 654
271 227
753 461
381 388
189 283
702 390
9 187
816 773
376 764
360 129
802 78
821 173
218 146
511 523
987 355
76 84
132 198
8 460
431 458
311 864
826 708
899 337
322 359
765 561
658 397
71 96
950 877
972 237
460 473
208 642
235 859
329 402
934 177
481 319
522 575
118 52
598 258
363 191
623 693
93 458
577 1000
916 779
341 22
118 935
5 254
750 964
286 851
385 127
495 699
443 852
904 706
156 567
676 302
757 133
888 716
62 697
488 698
370 642
44 455
729 525
684 999
126 223
438 203
75 655
336 909
723 107
559 721
712 760
486 199
767 850
736 238
831 753
63 603
162 376
71 1000
898 292
150 409
361 8
384 81
600 550
341 583
764 375
915 904
882 493
828 907
815 931
617 104
33 495
841 528
578 581
778 3
119 359
254 654
354 532
302 812
303 477
640 479
551 139
898 795
973 373
441 860
711 449
90 445
403 280
79 388
777 43
271 472
911 944
661 665
593 691
406 568
319 549
910 120
715 224
795 776
78 948
84 305
212 366
70 772
679 410
536 604
810 327
100 571
325 858
628 933
365 585
937 88
442 614
867 283
481 436
448 187
686 482
965 650
583 207
986 695
861 809
629 317
131 958
188 53
236 420
782 707
453 55
199 599
221 59
101 709
908 173
620 231
257 869
22 39
704 138
558 213
562 40
748 323
987 541
864 639
440 968
383 744
240 618
119 918
712 788
306 637
702 947
877 466
704 424
478 839
102 979
309 731
295 344
111 976
370 362
211 550
472 742
987 217
225 710
617 68
637 25
450 165
983 13
17 782
699 954
911 321
238 47
693 57
471 703
844 187
238 158
973 281
133 82
837 255
436 949
765 663
643 55
937 504
846 584
904 207
212 684
692 118
130 619
611 843
688 757
153 683
635 469
874 871
343 945
458 14
166 343
648 466
904 956
923 72
924 295
322 625
676 384
507 567
604 546
59 398
611 173
832 142
982 580
397 242
168 6
494 930
687 241
670 993
840 536
287 263
589 899
145 746
733 730
365 847
258 11
373 324
157 823
918 30
524 897
747 200
430 868
159 110
306 398
969 214
662 19
612 858
349 364
763 802
805 521
149 53
701 616
850 98
129 276
295 380
62 95
244 356
980 656
419 416
771 663
811 994
426 396
637 76
394 238
380 987
717 500
590 66
955 451
295 162
102 680
241 276
477 279
707 51
416 136
713 742
938 261
367 941
703 7
137 34
820 225
217 844
372 416
762 560
445 868
963 763
161 277
423 922
845 625
441 517
540 791
415 831
866 470
420 949
477 676
243 830
393 507
412 305
625 42
330 902
647 883
174 751
710 493
178 210
681 249
69 396
969 694
181 740
883 856
208 745
528 755
766 551
514 442
92 722
403 662
62 642
157 874
853 861
451 245
742 433
93 893
512 822
378 590
914 674
774 650
297 700
690 724
173 17
50 988
287 25
511 437
258 305
450 647
724 876
357 837
763 974
413 979
31 4
64 621
573 577
650 750
170 317
491 656
811 945
793 222
333 173
300 442
926 386
508 181
237 529
771 755
42 513
495 425
741 385
941 703
531 575
459 488
190 360
167 133
332 201
522 105
890 687
651 839
765 381
894 579
181 924
914 962
275 91
259 574
511 996
850 541
263 650
215 653
164 865
346 844
789 590
546 272
891 184
673 493
468 735
144 765
492 165
130 928
791 565
623 470
865 694
796 28
374 48
269 188
677 271
647 855
999 916
122 56
875 394
892 548
257 717
972 460
444 21
840 882
127 190
273 347
735 831
121 113
50 15
88 358
295 883
188 129
27 773
193 573
603 802
123 956
969 396
537 720
862 98
658 624
326 898
888 427
376 127
185 607
607 676
461 826
465 447
911 500
994 849
343 314
992 456
521 806
59 995
206 118
708 412
91 434
972 537
903 69
803 369
253 410
768 67
534 765
438 308
128 454
43 213
779 980
63 30
533 282
111 258
792 156
189 596
692 381
646 154
856 638
928 347
450 915
927 647
217 900
345 255
825 197
706 192
669 972
392 8
545 198
947 726
659 74
313 522
575 486
43 657
636 240
349 28
588 115
144 34
368 22
479 290
515 53
697 733
917 788
496 426
670 744
567 935
472 387
625 323
407 945
114 968
528 684
343 805
515 950
24 891
743 260
653 28
586 449
568 588
618 438
244 845
409 176
976 910
945 294
675 653
20 606
851 76
64 302
874 343
790 167
970 834
75 682
993 163
542 718
177 414
839 676
131 637
906 701
893 395
673 670
871 791
874 9
822 505
917 27
569 590
396 990
977 401
6 165
998 361
285 498
162 127
629 11
333 454
997 47
444 929
581 672
307 727
234 541
552 954
275 437
255 794
347 327
380 372
521 286
134 283
542 420
531 853
180 109
454 516
419 963
403 454
977 861
144 694
786 854
971 315
40 615
668 377
483 101
448 283
566 600
345 68
881 10
113 224
351 186
872 784
947 931
327 189
865 766
611 462
351 203
557 908
501 250
73 420
412 349
929 621
382 599
227 326
538 430
443 814
190 553
876 184
624 33
731 839
715 378
878 922
129 792
420 86
61 324
690 180
875 112
523 656
796 221
361 151
794 246
761 121
822 520
54 678
516 415
97 385
286 469
54 849
850 208
634 715
11 942
175 659
822 298
740 437
188 542
229 358
546 424
429 356
181 451
43 494
153 290
722 90
671 224
450 484
362 680
551 526
200 976
517 650
902 756
993 538
759 939
279 919
391 697
966 823
181 229
230 330
641 493
403 151
663 781
924 563
651 973
584 440
399 526
55 637
831 204
246 548
319 952
584 263
379 133
772 766
797 93
800 751
998 710
54 63
289 366
643 875
2 484
937 586
354 332
192 543
800 862
313 733
302 583
35 840
844 446
166 150
683 888
726 958
85 46
394 773
36 614
273 92
696 355
902 693
69 506
416 676
737 576
830 987
779 807
796 223
404 736
39 851
44 703
357 640
526 355
88 139
767 501
969 262
73 217
735 875
576 224
836 562
606 988
649 709
746 707
340 656
509 295
992 207
774 651
336 931
931 956
469 997
41 678
188 947
941 11
46 337
12 353
196 454
632 4
174 501
954 89
183 377
846 43
538 792
462 304
285 265
31 293
894 279
536 377
555 439
385 339
651 920
15 163
333 398
564 574
191 927
198 788
674 49
510 766
405 626
389 29
586 265
836 330
217 830
414 992
843 734
552 769
76 199
740 174
333 752
377 576
104 136
787 636
4 779
137 174
343 899
224 340
695 204
211 171
222 331
367 678
256 492
626 279
80 447
155 98
307 120
550 20
806 98
47 586
611 6
593 631
642 307
482 238
429 949
108 116
965 985
611 151
524 518
874 719
299 363
141 82
566 989
481 31
453 81
348 809
735 847
295 882
80 962
84 979
822 577
823 312
736 386
500 3
323 522
7 348
232 560
840 271
732 229
789 346
628 438
314 954
26 828
893 790
824 771
879 743
719 910
614 80
708 413
506 789
128 185
594 36
975 807
512 351
92 458
16 622
129 368
366 412
388 522
778 190
48 351
877 548
180 372
567 360
254 573
215 684
756 679
319 99
794 35
938 331
78 510
336 233
651 866
574 973
513 557
191 266
961 260
998 793
307 182
8 779
351 65
118 372
635 90
411 916
412 459
330 844
97 591
204 869
952 799
916 954
649 833
27 85
146 4
400 161
398 940
256 901
645 405
170 567
487 244
532 889
535 426
279 232
374 686
284 189
991 597
141 199
718 707
738 133
93 404
810 954
230 297
814 789
111 542
589 857
409 32
926 543
145 558
476 24
511 876
336 619
837 497
715 925
7 465
444 749
319 451
943 645
513 372
732 120
745 227
285 320
486 451
824 654
825 699
826 100
719 787
6 154
392 538
876 846
614 70
851 632
101 121
160 901
342 990
55 536
204 374
775 259
320 859
99 838
927 580
361 854
750 473
219 275
468 824
590 262
44 61
800 708
543 628
341 812
289 321
716 360
557 600
317 275
301 938
14 237
363 573
324 973
223 217
192 675
635 137
997 482
383 855
530 375
839 259
574 116
759 40
193 15
415 920
971 24
773 802
499 811
423 745
248 745
924 434
891 833
198 171
257 667
994 74
614 867
117 265
83 665
445 258
435 276
631 736
628 955
993 258
921 605
64 818
956 97
716 555
125 951
736 952
126 315
73 141
127 966
75 619
442 346
460 935
407 680
232 874
602 840
641 584
382 16
899 272
24 630
277 140
888 373
24 123
509 243
917 348
906 719
994 856
624 494
879 686
515 337
475 188
681 633
663 697
520 697
483 665
746 17
845 859
438 467
224 875
985 872
50 747
864 187
271 937
512 263
696 612
623 836
620 20
479 899
81 80
669 335
636 262
930 157
343 176
821 731
977 158
595 539
751 52
160 784
821 37
659 310
170 169
522 962
748 750
30 693
968 566
679 24
293 685
475 518
825 981
621 265
159 992
769 596
621 525
983 490
623 936
53 414
21 615
204 862
77 552
406 742
861 732
553 283
972 347
526 70
657 245
160 331
562 438
848 439
457 287
446 79
465 772
670 801
250 206
508 958
714 881
919 2
79 801
282 197
500 252
213 939
667 218
761 171
446 803
468 351
804 465
736 487
595 300
232 838
82 972
296 727
689 864
192 408
598 784
430 902
944 306
840 355
146 812
92 16
388 753
608 658
637 268
874 78
432 245
215 218
805 700
25 842
667 695
851 466
120 328
547 973
90 864
112 988
576 432
959 344
197 733
271 890
298 244
893 188
760 647
214 368
342 421
986 220
7 989
781 778
981 268
109 503
509 573
668 412
694 24
584 691
34 716
22 246
809 594
767 22
422 47
781 748
527 504
74 624
181 700
807 856
207 700
482 463
449 252
213 11
674 527
325 577
532 401
690 382
299 606
763 213
377 274
195 897
344 69
736 839
535 675
30 525
464 942
283 482
602 716
718 970
184 605
792 796
232 629
72 734
218 836
644 888
871 297
250 341
913 905
309 768
329 66
733 151
236 977
236 759
358 398
384 202
225 130
813 257
210 982
961 566
410 308
162 661
310 261
867 700
64 703
541 931
514 81
846 362
98 978
500 802
266 806
28 905
162 375
110 545
936 626
278 577
588 926
486 292
180 599
695 176
660 627
335 513
674 397
358 738
361 158
242 712
935 374
205 21
333 32
550 232
393 923
933 240
640 180
978 212
247 303
953 28
935 84
721 72
200 135
356 372
158 454
531 936
968 590
717 877
61 777
958 105
637 9
319 721
857 346
105 733
325 660
903 104
489 830
754 242
863 404
847 819
795 924
942 989
393 416
912 720
52 867
700 535
222 439
114 740
79 586
761 551
852 970
857 116
195 893
201 760
199 925
292 257
60 293
614 836
460 591
304 767
203 311
631 815
500 467
726 705
286 690
692 977
970 31
205 770
580 850
67 801
605 289
254 337
588 561
476 251
730 673
131 833
872 831
980 298
799 278
158 682
250 587
779 212
755 746
426 738
926 5
395 37
90 663
658 741
519 997
903 133
228 569
375 698
376 780
681 941
252 844
297 916
600 539
90 937
767 593
551 612
147 418
384 48
702 656
998 367
270 604
381 359
57 401
275 326
32 537
336 424
998 510
251 839
662 253
343 175
927 579
725 947
636 338
671 445
15 441
402 846
367 806
179 534
977 194
261 25
903 560
881 302
57 220
609 799
848 49
646 132
423 821
407 400
869 325
941 824
583 731
416 77
626 122
165 334
368 342
645 639
367 616
248 780
854 106
14 157
60 491
190 866
969 406
29 416
801 463
195 968
490 984
878 719
971 27
600 230
403 535
498 683
321 866
286 908
252 926
239 948
593 958
667 467
559 225
155 231
784 661
89 367
308 527
22 885
459 685
776 377
745 864
282 238
389 714
400 797
589 795
829 236
102 438
997 268
296 877
794 244
723 198
176 643
84 788
983 648
290 733
269 646
534 242
27 636
49 484
124 952
586 197
783 941
236 590
112 580
976 745
258 296
791 374
906 716
84 746
250 734
604 481
127 692
992 3
295 488
426 617
789 779
98 781
418 742
10 251
980 659
86 582
802 143
987 137
864 188
186 408
849 168
833 803
405 890
725 885
211 967
765 116
879 508
755 2
774 120
617 37
711 727
372 750
879 109
902 220
933 698
856 905
484 842
748 751
431 333
786 972
548 819
473 511
368 739
185 307
406 901
446 394
814 925
565 80
180 242
420 545
522 805
616 152
564 152
913 352
507 793
398 216
293 398
167 421
632 866
47 243
873 664
621 42
839 119
986 985
682 446
956 689
868 389
908 447
807 618
991 473
190 632
49 580
676 423
218 865
156 559
430 58
13 114
438 961
539 22
819 595
460 885
126 340
998 25
715 200
904 520
10 603
393 446
117 755
988 262
135 833
780 58
430 903
604 342
508 611
453 302
828 302
334 35
690 707
245 652
379 758
732 178
589 535
805 554
82 475
746 114
751 263
438 444
578 859
408 127
565 591
238 281
954 982
422 608
394 129
815 312
21 366
404 346
8 515
816 938
48 260
466 751
588 390
256 337
189 55
761 974
555 550
565 914
894 582
366 415
498 815
655 129
984 161
713 784
555 117
829 654
88 702
910 497
933 944
791 566
920 517
674 524
514 857
640 644
679 285
97 545
830 155
759 19
669 775
605 649
416 690
22 979
79 742
460 548
248 546
982 673
969 710
574 367
900 604
814 478
844 559
464 830
88 250
144 188
630 6
979 266
46 183
563 75
586 424
554 906
331 575
220 735
874 495
914 626
275 768
809 344
993 43
207 17
942 92
862 727
6 515
79 203
120 24
373 65
917 403
166 937
952 595
92 245
332 548
336 687
389 417
413 805
2 721
974 126
498 399
977 106
569 672
774 177
962 433
524 392
232 142
961 795
713 577
238 420
42 371
817 449
715 369
466 723
512 127
713 722
674 74
630 789
578 752
760 531
245 7
397 548
308 65
915 219
42 405
172 528
929 907
109 107
790 948
406 589
796 349
820 75
473 160
958 505
65 126
911 813
535 593
407 194
160 261
415 567
770 578
166 303
903 802
616 398
268 283
711 1
19 571
705 168
728 119
361 626
586 381
604 958
870 573
463 121
953 967
516 279
371 470
957 355
814 212
157 815
228 509
511 466
871 451
741 945
444 393
357 952
729 621
714 507
272 282
475 293
849 528
758 992
215 447
804 200
128 889
457 995
846 327
439 823
404 359
193 937
343 475
326 655
205 470
390 104
11 101
221 138
573 759
547 900
534 642
662 439
759 625
319 48
488 116
823 736
38 920
989 664
39 177
665 706
684 170
189 516
281 713
967 533
414 943
454 744
485 635
464 412
820 777
693 5
221 772
114 468
121 305
473 99
1000 397
565 123
513 720
208 827
887 96
731 668
146 106
187 890
132 572
812 955
407 369
619 671
446 713
217 135
915 322
264 368
892 504
730 463
532 569
848 638
465 798
709 563
231 307
680 839
311 507
649 972
135 553
227 728
501 25
987 814
184 645
666 265
114 890
301 338
728 962
585 863
733 335
2 145
298 324
406 247
166 792
482 617
756 39
684 548
462 142
870 827
448 552
694 501
570 719
736 315
419 249
737 86
336 585
278 812
817 30
283 902
744 881
292 984
940 988
162 206
229 759
975 290
867 981
45 273
802 140
140 619
343 108
989 474
357 400
674 434
531 551
509 821
350 747
902 731
868 876
209 153
462 757
263 508
102 684
890 141
272 849
682 1000
725 332
225 855
138 870
621 741
638 733
877 891
327 350
117 774
246 682
142 785
234 798
296 231
113 531
132 239
52 6
861 273
28 63
302 586
359 559
445 930
566 841
833 136
32 169
450 760
515 580
91 758
810 136
474 289
649 782
118 45
411 207
515 725
992 646
476 495
867 198
904 860
340 78
594 729
814 306
746 556
66 682
896 843
913 931
49 591
540 326
726 633
31 861
929 373
606 963
681 296
519 568
956 246
619 84
305 12
326 922
292 798
767 165
965 660
310 430
517 518
79 359
543 212
305 238
129 24
386 958
922 343
745 296
375 637
47 975
66 637
750 603
864 234
632 118
940 87
183 491
702 681
958 567
232 147
596 144
630 927
522 130
329 968
773 275
904 478
461 295
669 194
997 245
859 252
220 946
402 798
406 823
393 168
369 465
56 110
916 732
722 735
299 690
872 240
748 611
325 702
695 816
682 113
207 702
692 42
360 563
514 854
334 823
425 121
175 77
527 152
549 880
640 564
715 72
517 466
425 906
961 200
984 151
307 490
369 399
829 49
109 271
942 272
948 609
738 13
120 716
46 180
446 882
620 105
14 662
453 94
513 50
280 572
960 174
724 63
27 793
657 386
128 624
406 135
225 128
540 473
796 627
103 99
14 944
771 791
993 155
443 166
228 688
745 490
840 306
55 77
6 915
746 964
452 79
3 607
768 861
148 183
38 868
358 831
599 854
55 640
172 860
500 625
48 338
90 245
963 8
74 263
694 872
56 812
968 612
207 975
354 529
281 669
85 431
252 432
489 514
51 475
82 159
155 721
119 128
692 488
826 626
61 775
668 273
523 574
707 301
568 165
613 699
549 643
145 197
401 83
238 592
866 265
739 237
744 693
364 94
73 654
959 609
628 930
331 921
904 788
398 250
361 625
696 406
386 122
960 27
862 581
832 69
279 346
250 486
362 252
658 961
610 326
597 700
249 806
90 738
491 929
353 832
136 826
266 841
504 468
672 833
183 156
645 999
25 230
813 5
82 17
927 13
617 813
764 580
233 20
529 743
328 992
536 261
992 327
205 422
81 216
464 224
547 903
696 587
264 164
386 592
695 263
341 453
831 327
270 461
589 145
310 459
167 127
974 373
85 466
730 793
694 884
471 709
111 290
739 589
21 534
886 748
392 202
43 467
826 423
609 797
683 114
134 430
449 408
327 411
133 633
166 31
190 913
801 348
714 535
950 959
610 964
973 630
665 829
995 2
709 784
527 163
35 801
400 482
623 522
551 281
739 9
888 845
151 143
118 198
100 629
981 204
288 343
198 174
348 607
130 646
639 482
403 902
334 926
801 559
571 689
19 598
26 326
600 658
302 235
567 549
951 650
535 459
684 775
810 582
297 425
465 575
122 350
196 697
1 445
221 26
327 589
525 66
323 566
918 19
982 523
603 927
376 187
413 970
613 180
487 729
76 644
115 214
775 924
614 140
724 964
531 602
977 352
760 912
707 907
983 206
328 796
336 263
64 822
102 722
379 443
492 762
366 167
259 811
497 788
738 970
195 477
180 303
648 783
856 796
734 797
290 682
331 625
869 278
303 400
233 588
731 477
15 12
843 647
290 541
57 254
120 764
966 112
398 47
240 303
521 24
136 464
677 389
19 295
591 927
808 475
695 973
44 917
50 258
814 448
710 406
13 31
416 535
680 804
992 630
666 763
120 689
485 612
913 930
988 516
849 812
315 136
728 991
247 665
175 492
783 749
474 795
518 509
314 832
847 473
960 242
942 70
323 530
126 165
698 554
706 797
671 797
802 604
345 927
538 138
684 664
667 618
707 585
874 58
823 103
951 82
702 844
997 816
798 291
637 265
233 67
505 934
362 53
417 260
321 244
646 380
499 128
944 19
194 942
671 192
360 346
12 579
271 135
471 62
366 208
756 472
116 959
392 469
357 435
696 515
876 913
271 839
773 385
261 189
506 590
198 776
750 293
971 520
617 144
285 216
34 856
842 995
316 690
523 388
565 1
638 585
754 122
312 985
590 492
617 540
796 379
313 897
804 862
52 27
644 295
512 106
498 527
491 346
886 865
99 145
653 640
265 711
422 179
786 99
184 497
791 790
61 53
730 388
456 529
457 312
312 533
909 504
549 81
455 626
210 691
585 901
290 981
594 589
945 317
88 282
287 218
990 287
921 308
638 117
946 547
923 450
433 114
129 345
101 397
729 640
272 335
487 539
686 214
998 100
305 265
668 387
291 330
385 145
205 304
243 69
150 403
408 46
46 736
341 720
215 251
953 470
224 790
176 31
854 534
340 884
831 630
437 222
348 399
909 633
137 306
245 817
284 679
358 624
487 589
259 867
756 675
970 275
959 462
47 640
194 852
267 512
716 753
846 852
578 718
483 366
928 481
947 575
588 315
91 885
350 962
995 267
155 720
392 190
726 169
32 389
161 359
180 5
921 756
169 812
816 517
85 128
402 320
431 500
132 711
700 931
189 162
709 827
587 467
236 131
424 269
649 244
529 350
622 827
143 710
820 571
791 826
630 326
540 122
235 970
342 610
970 139
572 331
648 395
297 291
316 9
732 641
689 269
952 513
37 161
822 14
313 969
170 962
282 56
780 271
174 10
152 71
801 876
202 499
331 733
150 115
615 837
67 947
747 85
511 476
645 708
903 480
541 787
802 533
107 323
823 137
737 992
365 903
210 72
637 751
50 993
742 426
376 783
965 793
387 384
551 656
680 455
864 36
612 898
387 795
845 93
121 573
955 485
42 563
996 432
155 880
849 26
877 627
417 189
916 81
390 954
651 932
746 362
920 899
774 34
263 555
780 663
584 272
548 651
327 372
920 818
885 982
262 737
935 401
584 383
677 654
881 291
612 85
445 858
946 737
17 858
431 283
251 807
691 655
930 569
734 723
938 988
995 5
134 713
853 175
564 54
274 452
277 867
292 117
712 344
355 307
766 851
402 416
575 743
783 490
771 402
773 704
158 351
943 240
502 320
70 4
491 209
18 739
153 888
351 613
689 926
99 719
410 248
990 471
301 114
503 32
718 509
42 866
757 409
760 179
580 840
46 318
159 229
969 169
475 176
721 696
884 28
885 453
667 574
542 958
709 151
656 301
215 306
461 78
390 74
989 901
8 923
959 288
621 961
123 887
768 949
897 215
368 937
419 567
612 644
59 524
498 36
263 510
580 604
160 933
884 928
39 87
21 696
599 330
640 494
588 492
661 392
920 782
833 499
299 315
655 174
267 729
368 742
422 68
138 582
426 741
201 169
53 361
330 686
596 709
339 596
48 935
770 742
939 393
765 919
861 728
863 126
423 649
35 685
986 599
914 216
256 978
463 797
13 30
558 400
124 86
304 521
247 747
273 258
252 683
455 542
22 135
408 535
260 536
945 272
374 746
191 992
123 918
785 367
434 791
71 590
643 89
438 887
40 418
131 781
261 966
602 808
822 745
714 430
287 922
898 57
827 133
215 496
923 519
286 325
134 700
770 639
447 338
267 168
305 381
34 149
107 553
438 435
315 676
281 500
765 164
487 930
401 783
208 287
854 634
341 541
412 275
459 494
646 918
349 782
235 848
697 158
915 851
879 130
493 195
649 259
777 854
246 517
446 75
393 93
892 15
693 202
363 731
255 985
346 539
954 678
225 994
427 362
543 584
32 378
264 357
594 47
744 957
281 929
378 359
929 861
347 672
645 9
765 970
614 563
597 241
28 140
69 584
787 915
89 394
426 406
860 913
749 264
627 902
442 730
170 717
477 210
786 499
277 524
311 157
83 341
528 582
423 397
434 985
456 609
143 899
992 531
443 877
452 326
611 888
294 730
546 809
412 983
519 542
101 571
562 63
417 998
322 964
37 639
511 392
980 385
374 912
893 672
419 179
556 432
336 531
297 787
380 708
713 596
128 783
299 855
153 364
944 417
177 342
633 892
489 452
175 328
458 845
79 411
617 960
724 620
376 978
380 938
533 66
156 721
177 560
507 297
76 258
848 299
591 621
404 377
461 376
350 664
293 527
595 727
998 560
17 581
717 152
720 132
616 53
699 979
86 73
125 557
4 980
247 254
123 52
949 374
613 697
355 777
377 321
854 189
87 710
98 253
145 84
166 290
13 213
713 659
792 892
961 859
28 438
106 946
857 794
785 21
531 473
109 573
648 283
359 102
373 248
487 64
218 983
862 404
314 662
611 916
960 140
923 304
603 799
474 976
384 456
666 466
592 346
487 22
887 912
709 400
784 105
415 5
76 787
607 625
679 932
975 509
409 980
908 394
824 949
69 940
954 312
332 756
473 247
580 536
451 222
641 434
385 252
116 210
372 324
300 489
690 673
812 667
628 295
869 141
86 681
198 951
687 451
522 201
542 140
245 788
284 644
11 324
374 114
416 500
815 829
764 155
565 934
837 961
125 566
425 507
423 160
544 623
708 946
251 953
824 207
398 422
354 383
458 629
756 934
122 966
469 83
398 81
43 866
62 194
264 21
731 657
74 692
990 894
422 250
562 981
118 341
635 125
84 493
946 448
87 746
456 844
734 355
645 210
812 837
139 833
783 324
127 286
782 246
476 518
524 628
744 546
422 854
176 919
999 811
819 385
657 46
306 212
326 616
787 607
681 416
979 199
248 315
412 1000
141 230
330 289
715 212
830 658
140 34
785 275
185 703
438 795
7 274
853 964
379 881
196 345
73 402
224 2
559 662
714 365
439 788
520 702
614 130
428 11
176 116
788 347
550 846
385 216
651 229
391 806
547 980
50 740
826 5
189 835
742 177
524 508
911 396
803 271
42 918
76 507
441 82
685 847
929 229
307 569
787 259
76 330
24 213
432 522
464 998
665 588
833 498
299 314
446 602
129 671
523 74
123 15
238 812
900 215
170 436
834 79
139 911
38 71
938 945
499 159
995 32
688 648
172 207
229 760
688 816
860 910
420 771
598 279
911 663
257 766
832 370
118 83
827 310
343 890
804 760
843 338
629 333
723 904
453 103
990 150
336 891
80 789
154 4
62 645
680 68
737 917
996 934
120 913
942 68
690 37
892 963
564 332
736 363
724 772
345 925
624 432
382 384
757 380
978 123
983 910
400 569
595 924
439 888
13 52
353 767
604 617
381 697
15 569
72 65
229 166
105 31
68 917
125 196
626 619
475 957
148 13
6 103
245 859
410 768
512 504
567 258
698 479
755 226
993 681
794 938
545 352
848 479
260 357
910 728
947 549
821 4
309 819
501 632
119 185
356 349
584 696
972 7
597 414
119 46
857 321
132 93
706 102
446 309
583 812
144 515
571 940
532 999
990 822
463 978
635 37
857 99
308 685
520 77
994 412
988 434
62 500
819 219
608 384
999 994
377 119
40 97
3 119
331 709
62 726
447 812
446 881
430 90
199 619
274 958
847 271
541 668
836 540
230 263
984 295
102 256
78 97
740 812
500 9
339 141
291 140
32 739
883 550
983 573
175 736
767 858
895 273
571 167
810 961
940 784
337 365
432 7
590 880
404 181
372 33
922 438
450 439
694 210
682 762
738 686
431 973
713 500
681 854
730 37
113 74
820 531
582 662
539 957
441 906
205 225
116 524
906 196
341 929
842 946
207 968
429 414
997 359
458 417
462 893
817 850
602 24
226 820
869 526
943 267
728 680
434 265
36 597
554 22
477 741
95 74
209 819
139 804
856 274
766 821
32 212
244 519
335 360
706 364
890 241
653 819
643 357
105 676
139 514
415 337
201 989
258 140
921 500
804 226
978 767
80 846
227 561
308 335
545 756
336 513
697 817
766 494
724 94
83 78
214 932
88 504
785 541
923 416
644 28
453 337
440 976
365 901
25 122
96 4
693 683
234 64
885 495
727 490
488 971
71 964
58 101
867 957
390 108
841 730
461 57
337 107
926 477
91 4
845 147
875 658
584 387
416 501
309 118
848 264
974 1
599 85
128 296
920 820
596 973
303 505
712 438
252 471
556 767
460 164
449 413
285 292
768 279
954 522
169 782
665 913
248 785
815 387
545 251
928 237
506 457
848 852
118 170
709 797
708 736
431 123
307 9
792 699
151 136
722 964
268 608
285 693
216 77
948 262
735 94
577 84
540 88
815 86
176 184
601 94
52 610
680 843
553 451
766 545
900 304
279 149
581 501
175 356
287 382
398 573
32 589
35 382
697 845
993 486
97 41
727 813
379 899
141 374
508 2
374 479
919 209
214 819
50 816
931 905
893 163
261 642
337 292
104 569
173 399
16 895
658 706
129 48
683 132
187 230
488 807
619 421
491 684
936 591
333 129
746 170
345 723
200 202
932 539
662 484
519 37
775 191
360 496
379 444
308 934
200 345
114 131
370 25
7 870
858 258
307 568
34 960
536 2
342 759
100 65
539 34
618 642
413 444
140 146
853 823
846 914
260 273
33 137
380 288
808 785
590 407
403 491
579 130
707 345
911 67
721 437
632 760
763 94
127 479
971 173
554 95
703 370
339 711
29 415
87 649
296 242
795 200
152 886
527 817
383 135
238 766
259 23
758 497
117 503
782 865
567 661
843 341
151 297
518 879
16 415
733 318
382 852
787 634
112 296
420 113
499 728
410 171
283 683
684 629
619 72
892 988
586 147
970 818
239 395
791 288
483 989
317 697
799 213
470 693
213 277
128 950
20 652
519 730
921 127
775 876
971 961
550 792
663 731
746 127
253 29
915 518
399 409
185 805
202 973
152 218
794 649
121 763
125 195
932 575
371 895
155 826
963 131
586 678
181 194
807 274
648 745
385 453
205 252
945 525
802 398
588 387
721 261
985 665
678 660
971 410
777 59
493 82
223 377
868 98
778 374
856 618
56 114
750 215
743 967
962 106
381 688
237 478
479 697
21 813
761 668
243 885
999 686
948 52
319 520
986 867
627 539
667 368
649 221
264 189
914 171
39 526
278 322
939 516
869 971
874 679
569 886
678 163
222 255
919 207
582 151
389 764
361 921
326 73
277 635
204 685
706 555
435 451
273 492
177 136
607 398
511 293
616 851
417 618
788 591
970 854
899 366
832 795
463 311
196 402
490 243
552 394
366 550
386 470
105 860
599 524
747 281
50 587
474 655
183 293
167 736
629 789
560 772
12 403
181 543
295 316
7 136
717 637
711 884
289 995
592 516
825 624
335 700
266 405
676 600
474 80
661 236
868 800
458 716
521 490
631 451
190 159
301 832
602 199
983 326
307 993
949 82
83 577
815 633
393 200
105 566
787 24
27 415
392 48
599 263
485 789
912 438
711 62
653 592
127 407
356 551
909 311
628 831
421 493
47 39
965 736
801 519
911 718
843 140
883 875
930 860
576 769
466 296
615 608
378 829
829 194
978 764
575 930
376 342
639 255
897 610
861 849
255 230
537 523
10 653
321 760
747 86
231 121
202 321
754 914
233 910
83 62
659 905
415 7
435 765
520 565
577 548
279 564
837 506
555 697
516 705
386 442
102 968
215 299
823 936
100 128
521 842
333 156
741 751
633 494
45 296
216 982
93 572
447 485
12 518
159 433
72 489
492 658
232 936
275 332
560 14
120 501
535 385
15 278
755 221
684 167
243 497
261 242
233 715
255 770
842 983
929 254
276 977
564 364
602 219
622 158
324 933
471 694
42 114
557 593
762 549
105 530
380 396
165 328
829 689
179 420
588 56
240 150
223 87
540 955
43 757
541 366
635 127
377 355
17 466
145 165
109 876
977 640
299 924
853 29
144 987
161 979
256 969
290 779
387 113
946 288
875 330
199 780
144 125
282 232
448 144
726 743
577 373
634 398
213 513
508 887
839 973
550 640
420 429
738 160
631 559
245 400
853 593
550 531
384 481
766 738
592 966
232 736
28 809
604 328
822 691
989 130
556 491
495 841
897 751
210 43
853 947
918 120
378 57
969 174
71 794
510 270
993 816
595 228
998 35
339 418
784 373
73 754
385 809
962 720
580 135
196 136
159 260
953 275
772 817
257 260
285 430
768 904
147 309
973 65
132 551
691 816
237 60
109 379
529 400
259 956
647 273
650 55
797 420
734 769
254 719
555 254
369 423
167 236
226 552
831 69
952 115
507 49
734 912
935 235
66 112
605 925
329 642
881 93
844 39
4 942
208 769
299 730
229 552
964 728
177 111
91 604
535 551
661 728
901 201
248 669
948 372
986 931
772 58
388 291
924 493
568 447
726 656
250 201
279 615
108 159
459 530
44 695
10 867
945 388
653 971
356 989
54 632
201 916
58 631
538 317
331 521
740 955
926 956
943 774
818 538
611 942
634 277
504 302
947 496
315 9
201 246
935 775
248 55
727 673
49 58
512 958
744 772
417 574
202 744
567 201
522 474
6 827
615 253
48 77
46 712
659 883
822 441
806 786
223 676
393 791
251 551
908 292
915 630
45 385
104 835
746 286
285 434
634 632
368 968
789 770
519 153
8 521
336 118
959 470
963 19
398 322
261 202
299 395
599 28
506 701
418 503
363 264
220 911
518 482
975 777
137 69
461 118
91 922
789 597
117 918
434 400
52 999
135 501
772 504
848 142
84 432
122 879
288 181
576 536
593 734
635 39
172 196
947 995
52 773
44 885
902 649
670 757
668 786
142 306
990 833
308 606
960 389
482 857
710 337
373 343
342 693
257 629
754 653
10 775
621 974
53 959
662 775
524 796
118 863
783 717
890 49
438 854
810 685
225 155
339 143
965 79
130 142
633 247
418 885
182 218
111 736
846 365
336 534
653 435
488 977
805 712
721 645
353 537
85 886
582 490
8 967
797 729
195 123
570 85
113 550
688 40
450 343
967 670
604 884
16 757
717 435
384 841
996 254
265 771
488 429
478 261
95 752
385 593
596 939
479 849
426 111
502 658
928 485
820 819
872 422
311 952
368 722
646 147
152 755
801 218
161 379
834 808
449 32
288 641
661 687
352 789
403 659
132 51
118 332
1000 693
375 343
643 585
520 412
151 870
306 858
670 582
826 960
140 324
899 241
296 90
745 909
246 634
781 205
16 329
805 199
553 118
22 211
478 497
218 704
689 630
780 267
191 980
692 320
700 82
25 350
746 839
157 809
639 79
641 612
608 753
380 244
923 418
380 517
107 327
723 241
992 143
403 316
987 388
163 198
443 310
396 576
745 235
34 216
732 487
823 984
21 462
8 995
669 498
944 223
655 515
124 343
87 93
180 673
178 589
630 937
538 715
732 261
113 851
457 473
65 528
289 232
536 87
581 780
850 587
377 919
673 66
88 606
811 444
423 818
796 264
579 168
63 283
377 512
910 256
17 695
806 369
978 442
437 754
616 163
228 297
856 722
251 152
605 809
87 630
604 668
915 475
526 195
449 189
14 23
71 870
630 311
117 352
196 881
288 364
550 84
329 336
350 510
540 90
472 360
255 423
628 899
130 306
314 599
614 746
771 39
477 26
749 772
562 480
157 924
785 135
386 202
929 714
585 210
378 560
755 606
478 527
780 13
858 861
749 880
699 423
336 591
853 946
358 496
451 302
253 134
642 221
861 455
37 645
779 476
727 482
971 118
348 373
603 289
110 339
771 641
24 58
298 697
869 174
281 397
871 528
879 282
587 885
660 143
127 513
60 979
498 700
815 877
742 775
70 799
821 444
824 400
331 715
81 473
635 990
53 83
647 890
152 700
480 793
235 819
329 816
306 673
590 405
612 117
896 627
658 269
108 724
60 535
597 360
925 289
892 308
952 129
806 236
424 314
939 397
190 769
653 663
467 508
48 810
964 872
661 872
273 75
212 424
468 18
770 516
93 507
443 724
833 807
52 576
887 130
377 201
641 898
606 58
753 678
184 679
439 433
800 111
606 209
545 690
909 177
503 782
842 148
933 315
25 278
246 881
852 461
637 945
323 537
16 191
127 883
440 795
735 624
206 326
743 37
434 629
813 55
700 299
31 14
309 744
21 36
279 748
341 711
487 585
850 782
112 837
44 26
534 582
655 714
932 569
94 912
744 485
64 791
346 116
103 799
18 415
948 553
792 138
425 423
831 235
781 770
341 891
682 857
954 674
523 443
302 654
963 816
582 986
578 393
307 165
199 147
422 182
960 585
268 520
255 648
181 565
627 541
338 708
838 761
164 472
776 218
795 214
173 534
17 42
486 694
32 937
487 203
142 418
74 60
917 984
520 174
351 552
326 34
35 427
552 223
1 591
700 79
684 964
421 698
790 733
533 21
20 588
540 471
358 838
780 70
92 430
633 246
465 292
26 815
589 675
186 150
854 841
177 505
309 716
185 982
702 299
499 242
409 798
67 278
379 536
234 269
711 460
479 557
963 208
107 354
879 460
275 306
522 209
6 70
817 395
826 171
259 870
186 714
522 160
7 936
565 846
413 497
53 26
73 884
521 208
815 650
711 549
365 105
648 997
62 91
119 158
432 781
582 966
646 291
703 214
65 198
816 570
105 709
911 901
859 508
668 158
908 653
749 37
37 324
613 566
190 729
575 471
326 393
862 239
193 324
32 838
454 109
476 429
810 477
9 634
302 209
354 350
353 15
575 940
796 911
148 380
339 76
502 488
49 800
316 356
374 726
310 567
140 58
123 850
917 734
159 127
430 729
975 505
254 241
837 504
718 277
724 942
871 777
374 867
343 464
371 27
353 548
229 473
824 663
517 668
737 414
25 778
766 75
390 242
46 624
825 819
54 143
829 779
204 909
189 684
797 301
673 871
410 839
309 115
721 19
989 440
104 43
177 929
204 510
77 840
946 779
583 915
422 28
425 264
312 918
385 862
657 998
621 429
200 843
759 35
319 578
748 816
18 939
696 370
829 401
722 963
356 709
503 406
506 182
696 346
832 362
887 313
641 820
895 769
515 783
662 738
593 967
408 657
408 890
71 464
277 433
334 642
874 415
562 679
608 559
571 405
218 951
457 213
519 119
908 68
177 214
340 646
359 170
399 883
261 894
669 250
121 273
549 455
291 43
864 487
701 524
664 722
558 111
48 212
878 969
710 757
785 706
680 424
793 207
700 48
561 155
143 917
589 333
224 723
99 961
780 594
587 884
925 361
91 101
275 362
518 218
521 582
439 679
760 884
584 418
712 247
823 733
111 223
902 212
924 948
677 881
233 677
531 778
39 169
418 542
506 154
213 284
273 671
688 430
891 169
104 293
615 696
333 548
173 783
765 545
36 537
553 753
401 140
369 784
246 510
947 905
964 873
113 267
204 934
737 606
369 626
44 802
343 886
507 748
972 997
610 183
154 401
176 633
823 441
19 745
154 304
740 933
836 548
156 598
287 236
948 682
29 15
480 190
957 676
673 64
763 765
529 869
257 186
314 829
656 96
196 441
898 165
901 770
7 387
194 646
340 632
567 203
310 80
607 730
557 49
650 661
430 617
713 371
676 833
2 688
191 309
666 33
599 843
690 613
617 120
724 708
110 902
251 662
676 551
887 893
863 999
612 677
650 70
128 356
661 326
132 404
613 93
103 879
792 314
208 961
117 609
967 875
232 267
132 202
522 894
797 168
503 139
288 88
566 623
21 810
243 886
890 263
752 492
277 821
465 357
235 538
395 662
588 977
516 118
868 417
579 558
947 18
658 163
307 499
532 760
520 192
98 52
549 735
974 750
127 163
933 508
496 359
26 184
687 205
140 128
213 598
586 464
658 837
914 475
644 752
192 223
836 536
413 761
178 350
272 167
419 88
426 868
529 833
288 849
970 853
755 537
443 191
83 148
598 821
582 206
287 998
367 340
426 646
955 359
943 747
253 77
550 828
700 808
405 216
500 858
948 147
271 643
788 287
517 679
684 408
427 897
732 396
915 916
309 493
67 55
417 4
665 9
399 156
404 262
812 395
337 813
727 120
33 84
968 921
350 565
460 45
100 4
526 600
748 664
985 762
967 958
548 748
271 71
809 548
83 843
834 913
462 982
123 90
707 976
330 656
534 826
773 18
132 174
503 367
564 351
132 61
960 598
958 481
1 891
857 210
861 746
471 866
757 553
792 675
614 994
557 925
374 107
50 373
179 107
532 557
826 974
596 472
598 314
191 752
624 929
571 682
516 249
676 487
786 355
805 197
308 931
793 517
23 136
980 93
395 993
130 78
828 25
88 11
64 502
858 980
127 933
918 14
633 32
279 448
230 438
215 454
988 198
58 271
311 83
889 308
984 549
732 195
953 538
93 791
612 825
206 46
138 310
176 275
128 497
254 794
527 912
368 820
93 569
58 652
693 506
38 513
609 731
848 381
669 353
601 648
4 512
974 380
885 815
172 974
854 278
232 97
364 614
169 592
955 657
445 995
845 18
48 595
126 869
734 955
459 139
223 178
317 297
683 248
94 501
377 759
138 575
469 207
930 563
199 90
113 157
991 206
905 279
144 591
244 866
164 386
130 750
675 790
813 611
477 886
669 632
303 942
325 802
593 966
528 643
343 973
839 825
342 755
880 182
112 256
554 955
574 446
615 790
235 202
453 31
685 634
241 670
165 694
784 59
412 788
876 337
163 390
370 766
794 108
67 546
850 382
893 754
804 133
571 370
572 937
150 371
558 108
600 418
177 439
56 704
24 286
633 286
686 272
245 544
949 930
765 743
168 733
210 328
820 689
483 232
110 337
594 926
223 722
890 957
262 10
979 612
484 142
157 224
566 68
396 836
842 788
439 678
333 415
650 419
432 944
752 559
643 950
327 705
385 622
176 779
701 693
230 82
894 595
492 407
309 199
864 514
68 626
56 90
511 538
35 64
160 100
764 410
605 922
398 54
19 191
665 881
961 474
528 803
928 13
503 343
477 565
52 957
455 464
22 605
978 895
151 827
164 422
455 353
23 381
943 444
414 323
624 922
217 276
201 703
438 700
439 217
350 472
852 890
501 84
486 648
770 949
837 475
938 623
649 528
317 455
594 608
885 111
995 739
944 639
339 7
377 184
340 308
823 297
457 240
40 424
645 757
5 854
409 117
852 463
992 218
19 966
317 693
734 680
286 316
434 627
272 346
845 531
975 432
82 65
372 310
414 384
664 923
353 754
935 759
719 812
928 655
909 708
882 506
224 752
850 860
941 691
894 365
91 64
955 507
314 481
100 402
894 440
255 886
460 10
759 678
116 676
155 604
797 389
379 186
881 284
399 89
521 323
665 443
579 213
66 32
907 602
745 197
165 444
677 211
720 45
95 959
904 292
354 359
873 577
270 89
116 792
549 663
531 296
919 485
373 859
13 858
711 135
106 716
539 308
184 504
458 251
421 501
245 241
260 821
19 508
579 529
196 843
38 296
89 317
930 861
473 926
245 130
891 752
93 334
865 285
295 918
44 662
210 682
728 19
212 172
966 125
415 265
588 519
93 255
974 536
611 894
903 612
641 541
440 988
741 900
408 488
170 779
503 925
362 19
988 227
456 468
684 740
651 501
260 932
150 315
297 789
196 45
715 891
148 200
388 735
478 999
828 839
768 853
111 963
189 789
844 525
690 518
195 124
884 610
561 819
814 607
99 628
569 280
328 682
55 521
802 430
398 349
436 912
521 494
436 984
53 137
938 193
516 338
460 189
411 835
450 999
470 482
955 850
373 541
798 764
590 514
939 326
522 738
62 187
874 997
122 142
263 896
639 679
105 852
14 62
903 900
812 863
943 391
909 307
269 212
791 819
888 936
151 208
959 617
162 779
118 10
159 692
709 727
359 418
967 291
295 954
666 314
259 224
260 591
28 547
349 121
277 268
887 138
266 543
715 680
24 613
461 752
720 877
737 65
168 452
847 12
371 255
706 860
581 80
853 923
50 920
144 349
421 783
334 96
779 437
564 901
944 757
894 120
805 745
684 494
443 440
559 990
153 959
751 799
844 211
902 460
6 145
483 580
209 489
27 572
994 544
738 830
354 747
135 324
671 278
855 85
287 537
254 580
807 214
310 938
367 815
149 472
975 940
321 387
440 158
623 94
200 512
521 219
281 833
599 193
512 195
806 485
754 42
796 331
910 263
549 589
694 622
679 254
829 717
422 109
425 159
99 496
53 371
263 855
30 614
839 500
697 299
373 866
464 578
874 985
856 324
197 888
937 133
994 494
800 155
930 786
914 239
183 534
443 717
136 307
598 327
876 29
970 214
808 261
977 29
481 483
245 122
533 793
987 825
992 977
663 14
614 632
304 499
819 308
107 6
453 30
183 933
518 733
280 636
942 50
893 512
822 516
788 924
951 416
747 294
701 665
73 333
357 963
379 887
16 229
382 110
93 969
22 335
580 493
140 830
15 946
995 39
626 671
607 736
920 298
82 478
673 694
103 385
309 258
72 51
133 596
87 899
926 403
395 345
508 166
881 153
882 471
183 414
775 186
100 360
797 670
319 206
711 824
158 72
966 803
224 580
831 355
215 926
952 328
788 54
635 979
707 62
949 927
623 114
956 608
502 200
9 26
851 895
499 785
412 241
233 564
381 724
776 906
451 89
707 348
184 255
84 381
761 651
181 352
213 124
895 624
752 450
643 629
346 671
511 891
421 79
667 363
246 508
504 523
263 968
971 49
330 907
293 5
545 996
499 987
51 809
201 702
700 320
210 602
795 124
959 673
874 735
122 408
1 759
398 627
274 709
974 658
277 610
683 675
762 104
176 635
174 986
196 921
623 901
348 857
240 882
981 443
322 840
768 932
54 751
464 843
734 157
737 943
995 627
27 677
410 295
374 540
965 87
892 985
199 790
610 262
3 332
900 966
813 419
67 513
33 913
395 22
767 172
2 876
42 833
962 878
393 569
270 849
881 838
30 69
263 164
102 916
15 519
179 823
509 910
76 567
955 284
704 540
98 807
906 968
279 862
980 697
879 437
185 153
591 481
372 553
289 75
987 28
41 826
765 415
146 743
554 282
261 159
794 807
820 859
345 381
95 809
999 896
704 984
100 241
707 427
214 105
140 186
77 671
243 715
27 438
445 909
303 301
569 191
790 785
591 970
316 936
722 871
236 339
566 540
596 599
977 691
905 302
213 129
251 306
714 934
454 245
920 832
577 102
777 356
31 629
657 206
89 316
697 573
392 496
829 72
258 162
97 22
633 808
871 290
448 220
804 361
297 564
473 703
560 765
960 167
335 33
744 193
999 254
505 270
554 515
724 183
796 580
693 800
359 236
69 946
842 262
130 138
575 884
261 692
46 270
529 976
531 506
822 383
770 474
989 198
561 455
525 356
310 50
977 279
188 730
392 667
428 201
358 270
470 948
254 847
218 444
999 894
902 313
197 533
570 81
111 51
148 47
479 959
775 130
836 508
616 933
11 430
507 415
345 296
358 110
853 487
755 373
557 471
592 79
63 402
661 457
494 378
764 108
142 982
18 160
346 821
875 887
80 361
958 20
737 87
851 932
925 373
276 341
916 616
756 879
902 591
463 527
856 361
456 855
494 711
325 955
531 256
93 399
790 543
593 591
321 82
364 230
256 913
331 503
541 600
396 169
230 883
311 286
663 229
49 267
691 228
97 7
150 11
300 924
905 774
746 764
983 761
340 365
823 272
606 896
240 521
41 968
444 387
357 942
653 241
974 791
116 59
7 436
185 902
77 432
59 941
854 872
547 80
538 821
133 639
724 536
855 374
196 145
348 500
276 9
65 714
882 259
314 311
133 785
890 790
580 78
309 112
440 385
938 384
336 50
155 918
621 759
712 301
911 343
517 972
80 496
885 990
414 548
475 566
596 826
78 593
346 342
137 129
166 20
494 385
99 499
892 300
288 130
199 84
666 859
354 159
173 697
504 752
813 924
144 577
971 20
207 251
478 36
755 917
710 609
856 500
621 204
183 529
848 616
44 825
80 514
300 723
652 568
619 951
88 13
291 912
4 267
468 216
217 472
917 541
934 981
887 559
411 392
89 534
642 260
790 244
666 398
858 950
325 467
788 925
291 95
967 370
408 289
340 752
579 596
811 677
149 982
25 88
244 84
858 712
414 426
555 664
847 144
334 125
542 934
963 399
177 262
381 62
1 112
367 511
868 560
650 335
816 91
798 351
987 130
949 131
717 277
732 309
36 922
307 657
673 768
765 506
788 55
442 465
501 764
467 836
109 263
237 210
95 820
556 842
877 9
106 290
262 709
30 673
887 589
125 637
53 192
146 418
130 831
350 898
878 225
375 501
216 354
913 460
968 689
277 941
494 413
42 226
47 791
583 833
929 826
75 118
368 508
97 530
631 85
818 722
522 29
643 389
296 248
938 843
667 283
170 721
778 912
984 133
514 618
550 116
681 235
4 344
245 172
283 387
361 935
734 96
240 996
978 558
830 599
497 561
230 643
40 433
931 764
770 802
697 770
19 746
486 1000
70 235
272 190
880 803
199 525
455 935
939 986
961 550
231 956
859 299
79 248
872 866
192 404
581 134
528 30
680 361
352 234
391 93
728 629
609 768
141 630
453 420
721 668
940 954
978 5
228 996
998 192
985 807
33 754
654 780
306 646
594 53
189 783
25 854
854 515
306 793
484 380
882 504
605 227
298 665
166 768
427 55
160 618
52 424
750 323
966 780
21 371
542 207
981 629
161 112
471 279
111 252
539 839
332 255
212 604
720 144
431 306
831 100
890 544
947 603
15 107
612 48
879 590
731 673
554 426
882 783
204 231
355 149
565 298
951 769
511 798
994 292
868 477
961 85
672 32
305 521
911 835
625 192
553 355
437 968
576 908
459 768
246 72
710 315
537 791
848 560
154 321
933 505
297 351
634 80
306 151
718 752
115 605
496 745
540 444
266 633
84 992
641 531
70 215
609 431
889 247
391 163
969 915
585 238
714 458
949 117
37 15
128 823
231 817
14 809
988 108
242 586
106 429
806 928
54 901
202 920
802 175
671 30
196 190
915 552
772 871
167 879
426 423
746 236
285 480
927 817
231 612
789 944
121 81
872 282
391 756
433 606
133 845
906 207
694 197
752 847
9 192
356 233
431 665
731 495
414 969
327 280
916 267
562 851
586 543
440 179
721 358
540 830
43 894
852 760
636 151
415 794
471 910
518 749
852 623
134 730
247 871
194 273
711 212
126 844
147 669
401 792
359 766
733 951
378 98
114 619
210 618
819 60
126 558
22 934
455 696
135 574
549 124
564 164
585 936
783 703
571 397
993 467
371 419
540 384
407 667
28 684
842 168
609 163
538 225
41 975
46 440
448 967
296 667
650 630
478 679
444 627
227 869
180 793
733 179
435 880
737 176
97 337
633 263
29 524
309 300
609 510
681 921
712 993
882 433
519 62
872 743
165 833
401 719
916 90
204 363
277 939
168 913
246 554
228 97
247 263
375 242
376 724
8 341
760 570
983 352
290 527
644 450
517 860
17 682
90 352
288 628
623 52
526 196
731 518
273 98
388 309
226 375
179 673
10 998
620 389
144 864
511 52
331 402
791 153
120 671
743 457
786 775
340 428
362 292
198 70
394 410
331 611
98 362
460 837
812 429
254 377
182 458
637 889
81 741
406 130
615 864
399 895
990 632
258 397
701 663
140 937
453 318
538 116
154 893
708 920
690 283
226 733
965 147
806 921
99 345
201 318
989 269
992 31
596 121
941 426
619 272
150 592
7 185
245 990
764 610
859 862
107 981
570 423
275 257
77 181
910 933
33 311
452 913
561 889
410 935
216 726
413 4
492 515
642 538
699 983
459 330
742 907
263 518
275 226
806 436
759 332
155 738
281 803
972 27
539 664
795 562
298 230
122 994
450 813
787 86
237 499
113 45
874 936
854 130
412 401
820 22
127 452
237 388
887 462
925 685
213 235
17 432
145 123
140 442
30 866
70 959
587 99
697 551
517 372
797 985
691 1
840 837
724 879
107 198
640 833
880 70
218 885
313 927
300 583
136 672
692 925
936 71
889 105
600 244
875 74
841 206
40 427
850 388
304 352
710 920
434 671
758 948
979 969
410 340
819 560
434 622
36 270
854 864
784 312
949 530
914 951
609 437
646 722
760 71
82 463
410 630
361 28
141 710
642 813
419 745
162 70
736 15
383 772
664 988
747 737
441 357
864 963
82 640
450 252
986 474
57 70
366 56
61 534
668 610
191 183
471 647
699 608
564 829
226 710
547 564
808 756
165 441
522 890
106 283
337 624
66 174
344 308
414 652
678 873
485 793
658 509
460 595
184 268
748 161
60 423
317 48
445 123
604 168
723 590
355 370
178 233
985 207
437 888
499 927
5 516
377 127
620 461
970 236
662 686
918 260
410 103
306 148
405 288
631 636
236 740
754 873
416 526
478 569
796 582
102 197
874 354
638 283
909 801
468 503
53 727
680 183
165 228
372 75
176 982
27 961
34 492
87 108
922 271
889 976
998 18
525 354
567 43
551 742
20 798
668 898
116 199
725 685
530 927
769 1
780 350
383 939
167 878
703 648
515 948
505 825
418 308
323 14
57 384
789 959
423 81
85 594
780 534
730 665
108 853
508 95
824 384
555 286
99 618
651 771
584 510
753 409
626 873
129 573
332 28
333 309
579 37
564 407
790 977
294 160
562 848
501 548
851 825
708 982
643 129
146 491
348 853
351 38
227 236
100 870
446 334
673 410
199 114
916 618
901 250
70 741
881 232
226 959
635 473
142 664
491 449
202 180
956 781
886 202
468 87
586 286
640 922
862 99
207 298
468 366
635 295
247 565
286 703
531 480
648 573
643 285
813 694
886 404
580 839
657 458
758 210
338 233
755 316
163 494
311 62
956 177
758 845
227 791
819 763
895 428
92 399
367 263
850 223
278 796
154 870
987 410
114 425
701 596
831 517
79 288
281 153
414 479
572 743
223 853
775 962
289 791
437 151
547 944
328 890
223 523
685 866
449 730
655 958
310 678
417 36
932 973
731 93
678 580
219 353
858 72
217 832
180 124
652 99
357 995
498 875
9 76
66 103
912 779
968 663
322 240
937 488
317 406
47 893
450 889
164 575
243 818
173 695
448 346
104 492
472 80
165 83
423 671
134 854
156 826
187 596
278 269
529 449
658 231
217 429
40 146
4 501
887 696
283 342
726 766
839 821
52 537
4 388
575 975
120 783
804 419
642 258
331 755
667 893
795 288
743 174
376 488
658 536
187 16
885 169
98 589
230 86
177 90
543 840
127 810
123 443
383 700
846 316
476 684
832 858
969 911
237 763
127 699
58 414
3 627
690 140
980 561
642 149
196 96
996 541
290 253
880 680
975 766
79 437
427 956
779 35
894 490
501 984
708 106
927 776
717 484
739 692
594 369
869 57
946 966
157 109
450 153
968 54
90 176
146 766
272 845
877 879
808 906
236 838
253 745
815 585
194 5
602 134
215 761
368 272
725 700
319 655
187 805
501 397
861 701
259 353
443 524
687 865
618 846
608 199
325 992
996 393
535 685
853 58
240 919
630 132
761 347
652 478
445 312
945 893
416 546
805 8
387 483
979 381
376 294
946 78
804 368
809 222
856 159
879 909
625 614
365 803
168 353
352 398
717 560
758 794
795 268
610 261
487 777
187 60
888 415
742 270
767 169
473 136
805 588
497 737
576 268
405 94
873 350
305 282
442 532
975 301
543 105
671 36
146 945
419 511
10 128
394 35
772 796
168 844
763 396
544 851
390 191
251 685
73 923
698 484
366 78
186 304
298 790
560 461
464 50
483 494
696 765
125 829
114 46
96 557
821 11
260 509
48 543
857 479
655 148
643 692
220 821
955 842
969 774
108 310
264 728
385 921
886 973
890 256
193 80
636 252
530 177
325 563
731 720
532 423
716 132
331 238
501 274
340 144
458 231
222 84
913 89
255 404
279 100
282 184
982 557
951 598
697 947
23 99
969 467
879 816
883 693
176 745
897 655
941 190
943 912
783 891
650 592
952 508
250 680
992 105
886 350
29 550
67 655
821 786
604 576
152 143
73 50
45 316
546 483
885 200
840 28
699 195
101 229
140 551
785 798
146 548
773 221
989 534
719 701
817 758
301 628
803 718
30 741
100 434
321 443
68 656
986 447
860 404
772 534
498 245
725 530
263 585
33 216
682 807
773 140
959 209
561 610
217 916
489 927
791 356
657 535
203 118
359 619
360 539
994 454
408 925
133 400
340 180
416 652
57 654
957 35
335 371
815 69
235 967
939 745
182 637
843 277
179 957
917 631
866 833
562 70
871 464
412 781
989 5
257 884
831 806
556 511
802 923
451 315
879 667
456 67
366 970
149 32
751 69
948 142
984 985
604 386
876 671
950 178
201 401
419 294
202 954
646 667
500 699
673 315
716 987
491 711
58 221
384 56
423 487
597 134
894 350
220 697
350 760
542 250
889 702
11 382
712 193
159 590
54 304
983 775
920 910
834 812
637 153
806 398
147 255
550 4
134 267
446 599
907 521
213 258
731 461
39 394
744 80
86 99
539 559
594 34
374 174
856 729
583 862
985 507
930 588
976 274
606 199
504 755
48 773
327 173
481 261
527 804
239 954
882 567
241 476
905 500
155 245
283 440
269 69
52 619
464 882
808 265
628 906
114 796
875 211
947 254
550 297
974 549
791 49
101 647
687 128
374 645
969 491
309 842
199 554
184 769
973 788
154 89
357 638
13 290
310 300
516 399
628 952
847 127
760 335
822 850
585 164
508 621
608 771
861 431
478 641
267 40
53 811
425 873
177 315
626 746
990 669
341 669
570 421
698 94
972 593
464 184
483 612
465 145
949 847
203 613
386 107
738 990
320 775
122 671
399 211
370 97
885 782
265 27
600 914
855 234
643 970
661 413
111 330
846 776
578 269
138 174
263 657
855 859
859 284
627 744
426 191
174 957
199 164
717 807
187 804
846 693
564 110
912 647
832 17
799 614
94 277
938 935
333 943
706 395
914 188
860 896
203 399
900 511
254 329
853 645
467 370
91 825
503 624
812 290
398 964
883 954
355 857
636 558
875 302
457 409
408 755
141 175
936 73
793 704
97 211
188 142
303 687
128 609
143 854
123 784
241 953
644 568
900 962
68 543
887 850
410 338
512 950
107 260
20 661
881 890
609 459
557 43
405 206
513 141
400 578
718 198
465 108
34 27
881 932
538 667
583 392
436 778
879 38
517 623
632 353
339 186
109 343
881 646
128 378
807 154
591 515
246 478
907 704
602 232
436 40
95 789
170 124
150 958
669 70
119 179
604 573
419 907
60 579
242 346
631 276
318 159
982 102
659 65
626 436
899 622
882 778
777 398
622 952
455 53
462 52
743 732
389 961
970 264
458 228
648 12
408 817
668 87
908 966
377 396
198 226
701 25
792 875
425 774
305 744
107 164
239 867
168 32
791 8
317 897
981 490
782 757
89 546
164 52
331 557
25 330
10 670
266 612
892 906
272 157
970 972
935 850
718 614
810 661
704 176
836 917
763 671
303 560
567 775
150 333
671 997
399 550
846 373
708 382
139 45
513 376
950 215
845 899
957 789
997 856
820 711
185 840
647 34
959 284
194 902
176 133
285 509
909 739
758 688
149 350
647 435
548 235
347 799
492 566
493 267
310 963
259 879
632 381
924 587
176 483
589 113
807 190
294 343
902 150
523 335
449 286
171 847
39 481
260 466
27 505
372 862
13 518
275 247
510 473
446 332
490 836
640 719
841 719
167 402
351 177
655 393
14 3
462 195
735 223
937 172
206 826
652 641
890 148
265 751
730 509
325 935
17 126
364 83
607 17
826 968
574 170
408 781
411 130
748 233
560 161
457 448
239 997
959 741
273 310
771 51
274 521
719 393
957 260
775 163
538 381
867 491
463 508
671 699
304 347
983 757
679 968
849 753
820 862
334 506
500 998
949 551
571 221
510 283
901 766
672 287
851 189
745 322
974 640
174 466
271 636
292 569
458 857
258 633
408 22
851 298
944 120
694 180
332 973
495 387
374 278
725 866
594 349
12 575
414 255
401 716
94 851
26 171
739 666
959 385
372 621
428 463
163 522
898 683
561 931
545 294
928 426
690 777
46 788
432 537
824 363
588 508
310 868
995 450
354 454
470 928
905 655
422 23
914 557
506 364
125 710
327 398
402 99
964 749
364 913
327 31
554 97
666 935
95 3
589 923
375 198
137 989
377 362
312 763
978 804
407 244
35 701
451 845
692 789
508 938
783 510
364 198
130 266
611 223
779 955
469 525
326 142
277 442
74 920
213 520
197 115
38 823
980 238
874 297
918 282
602 856
841 160
89 907
552 45
550 520
79 224
617 585
228 637
580 490
428 111
36 356
684 312
599 719
874 90
361 37
380 775
767 917
828 639
188 670
335 601
428 141
820 703
548 366
348 468
926 541
333 8
483 615
68 971
142 598
569 746
585 157
850 773
959 255
713 523
843 596
509 696
826 362
294 268
780 8
388 833
506 686
12 769
518 511
132 334
336 161
234 317
859 287
473 456
702 251
705 693
977 936
445 882
812 566
29 484
213 7
929 830
666 829
142 61
952 137
511 870
593 745
544 467
85 61
964 848
951 942
56 301
596 431
282 819
859 603
260 864
288 384
770 540
808 343
62 598
417 905
839 138
703 257
684 841
867 325
193 438
411 507
395 990
400 104
230 873
809 220
520 777
888 707
961 905
908 144
177 154
218 914
130 48
991 637
813 269
740 819
796 637
729 518
123 787
804 80
790 7
392 902
67 516
358 5
234 127
475 379
681 564
41 661
996 655
427 764
653 390
272 495
10 319
505 945
533 193
456 235
718 199
314 137
923 817
393 798
985 852
180 754
461 247
803 724
472 310
128 460
256 177
993 678
636 314
798 89
413 11
270 406
146 736
879 150
114 560
194 244
855 137
821 9
713 688
915 204
132 290
869 317
967 864
15 119
915 61
592 94
77 666
114 589
561 725
88 653
999 419
917 803
810 60
895 92
646 462
209 691
749 57
731 722
145 203
701 310
776 115
939 481
762 836
725 432
47 164
910 226
537 874
848 933
777 367
448 51
909 410
503 599
976 866
553 496
148 956
350 446
118 906
467 298
377 124
162 848
624 11
291 940
595 966
793 562
801 542
26 131
191 955
231 254
737 861
899 442
171 787
101 734
943 813
766 704
343 625
827 844
762 363
875 952
935 802
172 270
580 403
722 354
658 753
112 699
595 54
512 514
345 887
571 33
197 713
99 800
785 643
163 819
147 406
628 165
462 285
615 361
430 767
162 105
810 394
77 122
853 339
375 885
129 897
204 323
9 323
686 671
20 243
674 127
419 840
367 902
691 992
603 188
532 240
846 730
934 260
437 372
665 529
427 322
321 219
873 918
217 922
649 5
412 421
144 715
640 704
865 887
592 820
943 284
835 639
657 899
344 386
36 600
734 371
270 383
408 927
740 288
833 66
762 856
212 377
530 34
89 498
460 639
246 168
853 496
302 366
250 167
398 957
2 378
554 831
443 788
61 221
500 291
338 450
246 219
188 182
292 23
867 413
282 13
221 100
767 444
325 105
183 863
19 806
166 651
81 765
558 889
961 625
709 499
127 930
771 208
216 525
612 837
979 21
652 85
231 960
53 509
457 771
186 195
405 35
392 862
118 594
727 608
598 872
557 635
790 993
187 215
558 458
155 911
656 895
11 5
448 761
130 251
201 407
935 693
522 362
725 865
564 673
837 659
696 601
203 635
111 82
593 183
223 628
881 244
555 383
994 821
556 972
8 714
800 614
216 621
877 648
113 987
886 766
378 449
360 204
324 943
551 88
807 50
185 295
351 502
659 951
514 974
125 709
200 740
840 310
78 884
118 161
635 9
195 952
575 645
248 762
933 941
92 955
772 223
645 343
282 847
563 242
247 613
16 287
625 285
572 380
645 504
871 272
254 274
378 189
183 818
151 464
62 661
174 51
70 671
583 301
843 384
284 877
115 537
176 691
174 162
704 442
842 200
951 446
33 555
679 371
225 218
10 550
839 741
609 60
844 431
573 473
704 360
465 356
29 635
432 107
334 70
45 241
619 276
399 398
307 5
883 171
91 368
297 992
229 485
953 281
367 107
225 646
228 803
234 476
806 718
592 710
773 415
756 377
12 691
696 740
904 465
8 742
794 973
658 7
255 808
402 930
935 12
294 156
351 325
243 580
678 536
856 921
449 453
216 504
940 90
534 778
369 46
441 681
754 476
907 900
217 978
218 317
167 452
109 770
491 364
611 399
888 776
995 44
193 250
673 304
359 685
179 59
881 181
312 664
98 185
958 307
799 757
286 984
485 963
736 827
238 645
154 374
248 389
725 253
857 813
473 559
622 623
398 629
438 550
495 691
671 604
297 211
145 298
761 342
866 916
116 299
758 238
376 408
292 190
903 398
705 387
271 786
700 130
847 93
444 35
211 439
585 70
15 727
120 473
771 953
162 169
405 91
945 728
819 933
932 332
314 39
189 921
957 783
349 159
163 790
571 117
307 365
298 755
903 82
522 290
760 809
450 329
887 643
142 563
604 874
871 318
683 381
77 38
149 425
985 629
234 579
769 372
693 336
545 493
450 107
307 910
532 221
810 601
851 801
659 210
454 314
19 115
338 923
462 877
87 576
164 739
91 517
311 844
688 721
874 904
252 752
222 456
972 838
631 52
423 723
212 358
784 559
662 576
386 839
811 192
482 299
316 738
525 867
861 928
199 825
292 365
424 61
47 389
196 961
143 918
93 327
644 873
277 384
110 839
468 285
508 834
454 341
712 526
789 406
40 395
11 826
943 925
841 880
884 955
997 612
559 749
233 271
159 19
586 781
897 942
615 138
999 43
381 112
441 331
6 797
558 286
56 614
232 448
33 657
300 323
898 419
457 721
920 151
774 278
815 974
18 330
154 595
854 544
447 458
181 186
370 197
525 977
513 905
769 295
756 689
189 752
728 736
450 220
68 659
731 117
350 573
255 992
330 521
46 498
298 43
797 19
782 377
606 769
19 143
248 769
652 847
268 598
910 477
911 908
934 487
496 255
42 167
321 996
3 603
469 164
878 704
716 171
278 394
26 595
388 350
317 80
717 989
203 329
22 911
630 336
334 909
619 961
193 772
801 540
179 224
864 442
851 129
701 467
217 454
330 175
558 783
154 465
545 640
303 752
398 732
844 395
903 577
173 164
103 39
314 778
331 856
560 622
262 474
84 880
840 462
72 856
185 543
957 597
617 764
762 780
227 872
84 743
931 102
880 346
120 179
671 104
33 716
72 54
236 889
24 441
8 798
210 348
15 581
438 372
688 127
11 226
911 447
324 379
4 633
223 631
902 86
741 502
959 387
119 422
191 21
437 924
717 77
133 940
640 16
626 137
533 331
60 807
958 216
617 346
381 713
846 557
977 834
527 402
450 962
80 588
700 998
388 285
170 453
8 440
762 667
654 981
139 926
748 922
972 805
826 648
77 562
190 787
319 629
957 211
407 246
100 612
818 699
710 501
397 60
956 813
776 155
740 596
563 245
526 491
439 310
421 263
259 180
961 818
601 475
31 984
16 431
623 878
169 327
334 651
525 226
193 601
175 473
107 511
456 309
700 8
496 566
26 107
391 337
317 770
624 963
97 406
247 577
140 934
949 648
839 740
163 31
21 165
410 492
713 205
534 493
77 334
278 687
462 440
709 153
340 988
324 441
881 812
730 864
628 111
322 661
595 862
500 666
319 358
695 203
205 123
483 617
99 601
940 129
608 305
989 716
433 248
405 1
252 408
733 711
593 444
16 386
345 155
53 202
915 35
274 233
410 112
99 388
172 712
412 127
74 586
937 456
207 185
385 945
802 420
20 188
123 395
469 235
200 912
312 810
762 814
322 415
550 31
711 615
353 499
579 573
672 393
675 826
40 227
967 379
875 291
32 903
790 328
277 619
577 445
45 767
562 299
529 50
697 772
865 378
956 23
254 414
473 725
704 629
940 515
779 647
84 825
710 925
89 997
823 342
519 545
404 832
577 584
615 16
858 775
417 459
549 482
219 963
129 511
940 801
58 657
409 927
197 792
262 672
932 333
613 384
823 368
279 742
547 110
361 7
16 998
382 367
404 21
958 596
357 83
51 984
158 28
604 875
867 660
627 58
590 178
579 447
212 828
873 158
102 632
414 836
643 922
971 569
128 381
612 317
595 436
927 526
803 564
667 963
367 989
388 182
869 315
599 134
45 43
342 149
768 316
699 724
773 37
995 365
668 285
331 828
678 866
293 448
773 950
186 880
351 94
812 988
506 21
677 426
517 433
576 531
311 315
408 901
47 166
734 292
516 127
865 848
577 127
209 851
84 153
782 990
711 12
382 898
429 684
277 542
4 314
170 590
444 33
227 691
504 780
66 623
32 931
752 82
554 1000
745 815
706 575
801 849
398 705
407 653
429 213
185 611
382 482
861 242
384 506
112 479
476 144
82 251
338 145
124 898
163 70
606 830
296 677
996 734
443 182
563 745
582 199
720 776
737 174
498 637
573 512
477 491
794 479
49 172
105 498
989 368
996 572
979 710
116 247
38 643
827 266
910 52
376 992
802 196
896 129
560 30
445 756
104 938
558 303
712 312
971 549
313 211
501 702
835 178
460 513
23 735
479 235
998 701
235 639
454 927
511 730
848 214
467 608
790 820
294 903
43 590
703 297
249 408
543 816
348 511
674 545
769 787
476 641
113 377
291 565
639 572
804 583
92 977
878 688
537 836
203 328
244 532
875 346
60 166
478 365
544 251
526 447
613 320
398 988
970 13
830 529
560 228
377 143
966 81
513 111
991 550
151 319
836 613
654 402
658 561
54 686
476 116
701 653
832 964
281 66
979 23
106 233
803 312
149 955
921 146
775 795
172 492
175 651
803 82
609 391
277 103
656 304
859 731
870 303
457 611
703 602
730 548
675 253
586 512
25 920
827 278
367 81
522 360
25 784
465 169
319 210
216 849
90 822
16 701
682 594
590 123
713 818
439 597
354 739
635 606
137 351
567 345
664 104
848 261
299 447
907 700
67 171
859 135
475 670
459 309
388 255
719 574
800 727
982 195
622 170
242 270
227 836
7 676
798 689
506 363
181 849
455 86
368 376
242 353
85 821
484 204
47 888
983 508
394 650
14 115
554 108
959 983
709 768
749 745
412 533
739 57
577 182
219 766
479 370
635 504
654 50
255 475
630 189
98 2
464 856
13 235
108 175
435 361
532 697
183 671
934 893
724 417
482 788
14 687
520 784
615 777
600 30
549 235
539 748
295 807
261 979
763 705
653 189
991 939
153 107
230 75
508 617
580 469
249 579
893 890
376 826
818 433
837 339
31 428
34 128
687 301
720 623
883 173
832 637
906 988
106 382
604 17
493 430
668 886
996 347
862 760
693 293
677 992
343 236
205 203
775 195
262 914
986 448
290 331
579 83
726 262
301 713
731 444
270 296
953 106
293 713
70 442
80 10
952 430
381 748
40 623
243 759
562 789
138 585
985 426
624 550
569 171
810 204
327 111
848 198
668 169
65 132
74 730
425 12
800 64
951 939
277 761
122 416
430 473
638 982
507 742
393 562
793 603
576 837
518 856
120 705
136 678
72 548
605 454
899 67
187 341
775 556
188 138
969 395
625 537
627 351
975 101
783 866
366 676
520 618
685 336
852 901
568 886
310 447
495 881
900 861
874 42
755 825
542 901
673 618
210 165
362 873
401 879
850 962
231 633
90 895
626 925
382 346
702 606
105 791
172 873
284 595
789 790
854 959
314 502
833 654
725 904
301 668
786 636
260 363
475 11
96 594
138 779
659 703
270 260
943 415
946 713
428 688
988 945
185 349
702 154
541 8
264 76
946 600
484 751
342 530
773 949
316 928
958 499
394 834
311 767
156 968
104 399
93 656
562 746
464 913
577 43
164 307
325 848
736 729
553 501
927 822
39 914
170 591
852 167
619 884
325 225
821 748
473 534
222 891
444 145
746 625
819 455
88 379
515 990
486 56
908 183
396 483
456 334
22 874
439 31
775 673
45 900
157 204
175 513
954 324
112 190
742 303
559 751
12 162
658 748
77 388
224 984
371 155
232 248
158 863
860 45
128 798
3 590
794 335
172 47
154 558
305 394
471 125
439 963
668 783
504 824
447 500
655 563
267 850
752 920
327 610
721 915
974 511
8 578
63 164
409 517
48 323
68 782
768 76
16 737
807 293
275 428
46 829
216 660
512 65
278 179
96 718
968 530
290 738
221 782
293 641
755 490
263 725
88 765
42 18
946 636
674 975
207 621
833 214
155 462
781 398
359 614
179 452
754 368
838 124
815 744
728 299
475 701
62 688
71 195
95 201
327 479
911 733
486 856
718 821
244 900
800 342
876 65
643 224
130 469
871 382
250 388
268 107
843 409
729 504
115 574
61 461
813 705
151 318
580 732
120 887
139 286
68 392
89 947
684 562
966 368
241 837
112 587
940 859
516 442
279 587
706 853
675 414
750 966
785 578
810 919
104 139
289 696
589 461
236 891
76 736
167 699
315 652
513 8
873 426
394 21
140 625
552 625
516 980
225 639
492 870
814 529
655 535
233 916
915 954
234 630
102 138
423 192
171 107
820 884
181 884
403 108
540 635
372 114
885 934
718 415
835 145
351 655
378 460
75 356
789 544
117 929
198 610
912 871
476 832
593 368
904 229
479 95
160 85
97 526
503 506
103 281
611 485
919 292
544 58
469 41
782 996
571 348
363 220
826 1000
131 210
979 502
874 736
340 68
13 234
145 434
22 792
585 13
351 964
373 60
818 923
433 383
190 743
95 451
499 714
961 929
671 522
28 536
946 55
492 219
684 903
131 769
351 762
144 512
213 645
110 803
201 197
59 227
6 558
903 308
11 836
323 694
784 68
345 914
842 326
951 40
793 954
480 395
12 362
451 282
15 901
586 835
879 698
935 628
681 621
816 196
733 211
280 1
633 405
686 393
159 267
76 411
572 624
333 4
732 334
366 180
276 164
99 603
172 789
910 607
344 71
252 43
759 724
880 393
781 786
843 729
26 981
209 425
526 542
88 518
514 674
694 720
146 410
731 936
374 66
319 693
144 647
824 105
151 180
771 273
276 728
789 82
672 173
52 903
201 587
644 195
937 351
594 10
892 447
517 492
792 741
762 927
90 880
386 778
700 345
416 707
921 668
26 312
834 403
875 293
681 124
535 393
663 180
350 337
795 484
923 171
600 76
568 682
309 824
951 761
850 492
758 237
500 149
804 461
418 640
933 303
365 797
205 584
852 465
732 895
606 832
25 403
443 172
49 942
154 809
407 585
624 431
721 635
22 352
408 180
844 757
619 356
267 75
585 468
586 871
570 352
275 580
607 719
44 127
172 68
43 305
508 195
704 644
828 865
210 437
484 84
968 793
931 495
436 791
258 863
209 235
545 369
449 644
314 558
67 839
705 587
907 370
707 5
214 247
175 272
494 359
383 502
995 286
977 895
655 146
894 964
678 785
806 346
540 722
84 916
431 483
34 587
255 559
679 185
649 626
482 409
929 734
969 921
133 422
31 751
434 231
678 66
737 518
934 216
576 900
412 658
605 519
218 673
274 655
701 20
117 477
724 363
248 420
909 487
342 710
473 533
506 706
856 210
678 447
960 176
278 920
135 769
139 322
693 823
178 292
328 301
889 872
429 27
177 100
624 459
533 783
40 727
997 754
727 457
604 436
966 567
129 74
760 106
394 126
250 916
931 173
366 786
205 432
777 567
998 375
440 246
87 464
55 658
314 280
525 974
30 436
986 278
419 767
357 343
655 976
747 851
52 315
364 629
224 88
574 640
756 547
26 922
583 594
233 618
125 588
94 549
913 457
512 721
218 321
824 33
817 561
19 186
124 28
450 671
126 884
252 535
515 609
274 465
517 403
758 361
123 475
700 940
706 383
744 566
835 641
231 312
35 533
278 235
174 936
782 811
18 748
295 940
773 620
875 789
834 166
841 318
879 850
438 924
700 103
11 714
448 928
736 435
455 871
387 735
887 864
966 369
714 278
162 373
497 722
736 857
317 755
656 419
654 690
324 49
741 640
337 186
581 983
84 593
16 913
626 704
326 754
917 53
78 115
478 969
868 660
523 51
855 510
629 541
759 578
581 666
125 782
772 609
773 456
389 63
547 663
863 689
425 491
116 742
372 776
981 678
949 440
881 466
57 240
380 386
420 569
203 187
683 245
460 298
264 5
691 670
751 738
437 831
199 988
496 469
610 837
717 543
26 434
429 599
985 159
689 342
383 144
644 14
378 956
556 435
700 293
156 727
1 530
257 904
104 989
780 476
835 923
87 819
297 552
709 467
233 426
576 392
997 552
689 879
124 964
513 69
715 991
383 677
684 678
292 676
871 208
103 298
902 92
768 713
570 333
291 420
20 878
112 711
385 191
663 708
444 670
764 523
881 801
281 495
390 59
16 524
950 3
399 315
782 812
45 650
599 808
918 283
533 394
204 304
557 218
685 703
907 333
